53,highway,1,3.79651567122,0
53,highway,1,2.40067443415,0
53,highway,1,2.01572612524,0
53,highway,2,0.108480223668,0
53,highway,1,4.78334993359,0
53,highway,1,0.0,0
53,highway,1,0.0,0
53,highway,1,0.68224846067,0
53,highway,1,3.06334406235,0
458,highway,2,2.34315266881,0
458,highway,1,0.308595528975,0
532,local,1,0.110742880386,0
384,local,2,3.90833573318,1
384,local,1,2.30477658617,0
174,highway,1,0.476393801384,0
174,highway,1,0.330290727467,0
174,highway,2,4.58567510065,0
174,highway,1,12.4219409037,0
472,highway,1,3.18874682093,0
141,highway,1,19.3692625422,0
40,highway,1,4.94197890412,0
40,highway,2,18.4430959402,0
40,highway,1,6.46151612711,0
40,highway,2,3.96585110987,0
40,highway,1,0.750917443111,0
40,highway,2,0.0,0
40,highway,1,0.356988223085,0
40,highway,1,2.29172006212,0
40,highway,1,2.46721794365,0
40,highway,1,4.65379877893,0
40,highway,2,1.26313612925,0
40,highway,1,0.930507809217,0
40,highway,1,4.21925791701,0
40,highway,1,3.73553243769,0
40,highway,1,3.4046686016,0
40,highway,1,6.74627356125,0
40,highway,1,0.0,0
40,highway,1,0.910299487463,0
40,highway,1,1.89696817162,0
40,highway,1,6.4128664059,0
40,highway,2,3.66231374738,0
40,highway,1,1.44638011782,0
40,highway,1,2.93814420614,0
40,highway,1,0.459002370963,0
40,highway,1,0.0,0
40,highway,1,20.0510539994,0
40,highway,1,1.74137669686,0
40,highway,1,2.66714584628,0
40,highway,2,7.23067627015,0
40,highway,1,1.25312910459,0
40,highway,1,0.393192614818,0
40,highway,2,21.8538816312,0
40,highway,1,2.03458694712,0
40,highway,1,4.65913951322,0
40,highway,1,1.20535440009,0
40,highway,1,14.0022333522,0
40,highway,1,0.161260327489,0
40,highway,2,0.0,0
40,highway,2,2.6654735184,0
40,highway,1,1.76531543193,0
40,highway,1,4.94995391638,0
40,highway,1,18.8778595564,0
40,highway,5,1.16935408395,1
8,local,1,1.00585363339,0
254,highway,1,0.60150821725,0
254,highway,1,6.47614131013,0
254,highway,1,0.731904823887,0
254,highway,1,6.39782383518,0
336,local,1,0.58440936246,0
336,local,1,0.187250136978,0
336,local,1,12.1821388343,0
336,local,1,2.35290881044,0
336,local,1,3.49835755392,0
37,local,1,3.98824107257,0
37,local,1,1.73052946692,0
37,local,1,1.58658067253,0
37,local,1,6.81857939027,0
37,local,1,2.26083653095,0
37,local,1,2.99955666594,0
37,local,1,31.5913446122,0
37,local,1,3.35596087873,0
37,local,1,3.99909246976,0
37,local,2,3.63811773581,1
37,local,1,8.27334817272,0
69,highway,2,0.628854941948,0
69,highway,1,2.21092316541,0
69,highway,1,0.0,0
69,highway,1,4.96769938697,0
69,highway,2,204.341037141,0
69,highway,1,2.65976115605,0
69,highway,1,1.22196390696,0
69,highway,2,4.47993304489,0
69,highway,1,1.52475319956,0
69,highway,1,5.33863264922,0
69,highway,1,5.66357585057,0
69,highway,1,5.2944130041,0
69,highway,1,1.84141262529,0
410,highway,1,15.8753428257,0
410,highway,1,16.779122756,0
410,highway,1,2.13212762157,0
410,highway,1,13.4874396179,0
475,highway,1,4.83414090303,0
475,highway,1,0.427895498431,0
475,highway,3,26.7877953765,0
475,highway,1,5.15230956035,0
475,highway,1,3.46359181552,0
475,highway,1,158.567705638,0
475,highway,1,4.56606641245,0
475,highway,1,5.64659399951,0
475,highway,1,1.04258809022,0
475,highway,1,7.07157004488,0
475,highway,1,4.11332793938,0
475,highway,1,5.1851632995,0
475,highway,1,0.0,0
475,highway,1,28.192459245,0
475,highway,2,6.15273451894,0
475,highway,1,5.53185259237,0
475,highway,1,7.14048986426,0
475,highway,1,4.60030668299,0
475,highway,1,9.83945922107,0
306,highway,1,5.8558702241,0
306,highway,1,3.66778110055,0
306,highway,1,3.84454568086,0
306,highway,2,5.96023820543,0
365,local,1,3.28059876487,0
365,local,1,1.29515816666,0
365,local,1,0.328888381265,0
440,highway,1,29.9308507101,0
440,highway,2,1.56123551534,0
431,highway,1,1.43489347321,0
431,highway,1,1.60136786358,0
431,highway,1,3.17788109871,0
431,highway,1,27.3951836242,0
431,highway,1,2.82123380317,0
431,highway,1,6.31367105704,0
431,highway,1,3.26112209809,0
431,highway,1,9.45571442838,0
431,highway,1,3.15539261844,0
431,highway,1,8.22916717966,0
431,highway,1,8.57185546243,0
431,highway,1,0.0863825561989,0
431,highway,1,6.89557327877,0
431,highway,1,3.42849796979,0
431,highway,1,63.6773714231,0
431,highway,1,5.56587076097,0
431,highway,7,1.4047448147,1
431,highway,1,1.02253280041,0
431,highway,1,0.460341157008,0
431,highway,1,5.32810145468,0
431,highway,1,4.09338005523,0
431,highway,2,4.78728105442,0
431,highway,1,2.7226563086,0
265,highway,2,1.28015312112,0
265,highway,1,5.33425317217,0
265,highway,1,3.33127298815,0
265,highway,1,0.14903684927,0
265,highway,1,4.05765868679,0
265,highway,1,4.22639321701,0
265,highway,1,0.0,0
265,highway,1,12.1542525489,0
265,highway,1,2.11225771554,0
454,highway,1,0.0,0
454,highway,1,3.45657850797,0
87,highway,1,5.94554263833,0
87,highway,1,7.43570452033,0
87,highway,2,3.24427438362,0
87,highway,1,13.4914014283,0
87,highway,1,0.0,0
87,highway,2,1.08146307743,0
87,highway,1,2.65078884226,0
511,local,2,1.27582049641,1
274,highway,2,6.4132995934,0
274,highway,1,3.89025532731,0
496,highway,2,0.753886071128,0
496,highway,1,1.01794273699,0
496,highway,1,3.40366222903,0
496,highway,1,1.29331927269,0
499,highway,1,2.37579594597,0
499,highway,1,2.42573050876,0
499,highway,1,3.94422902807,0
499,highway,1,0.722902821204,0
499,highway,4,2.77141085534,1
499,highway,2,2.14883626049,0
499,highway,1,2.92113317371,0
499,highway,1,2.62020141491,0
499,highway,1,1.20119423865,0
499,highway,1,5.66601908078,0
499,highway,1,0.0,0
406,highway,1,3.26811432489,0
406,highway,1,26.8252045652,0
406,highway,3,1.76311454442,1
406,highway,1,2.0554672598,0
406,highway,2,3.77271356128,0
406,highway,1,7.4334610291,0
298,local,1,0.256116635913,0
298,local,1,0.135934237843,0
298,local,2,4.69709130183,1
298,local,2,3.87060686365,1
298,local,2,4.7650992144,1
494,highway,1,17.2158055817,0
494,highway,2,1.34612750334,0
494,highway,3,7.40279640014,1
494,highway,1,7.4320540176,0
494,highway,1,0.169892860851,0
494,highway,1,0.0108199133557,0
494,highway,1,3.02124332223,0
494,highway,3,0.0,1
494,highway,2,4.6923081315,0
494,highway,1,25.1745242192,0
494,highway,2,5.25376406689,0
494,highway,1,3.44435989497,0
494,highway,1,6.65105673387,0
494,highway,1,0.0551660895582,0
10,highway,1,1.73080378018,0
10,highway,2,0.388798488876,0
10,highway,3,251.010195606,0
10,highway,1,17.7746691922,0
10,highway,1,0.0769383961777,0
10,highway,4,12.4471489046,1
10,highway,1,13.0538929645,0
10,highway,1,14.2729900649,0
10,highway,1,6.41849039531,0
10,highway,1,5.82416365458,0
10,highway,1,2.44427159672,0
10,highway,1,0.21440222142,0
10,highway,1,4.72626957624,0
10,highway,1,9.86077135821,0
10,highway,2,5.42062252997,0
10,highway,1,2.91512959655,0
10,highway,2,13.4689783076,0
10,highway,1,0.0,0
10,highway,1,7.31423438265,0
10,highway,1,5.09217608087,0
10,highway,2,2.63294945329,0
10,highway,1,2.52778304981,0
10,highway,1,3.05087061884,0
10,highway,1,6.46771303628,0
10,highway,1,2.58481961124,0
10,highway,1,0.535182342299,0
10,highway,1,0.0,0
10,highway,1,6.03743718476,0
10,highway,1,3.23590329852,0
10,highway,2,1.50860470438,0
10,highway,2,79.7785653913,0
10,highway,1,1.26067415336,0
10,highway,2,0.0,0
10,highway,1,2.83428779557,0
10,highway,1,82.9638245562,0
10,highway,2,17.6560942833,0
10,highway,1,10.8329310046,0
10,highway,1,2.6057422604,0
238,highway,4,17.9512822043,1
238,highway,1,25.7705534549,0
238,highway,1,12.9465006882,0
300,highway,2,57.3438458163,0
300,highway,2,1.78795956397,0
300,highway,1,2.40963977726,0
300,highway,1,8.90790270972,0
300,highway,1,4.86843650975,0
300,highway,1,1.21606858506,0
300,highway,1,0.394798854461,0
300,highway,3,1.4718470244,1
300,highway,3,2.81845194257,1
300,highway,1,9.19387868808,0
300,highway,1,0.0,0
300,highway,1,13.4166816515,0
300,highway,1,7.51299357381,0
300,highway,1,0.456839699354,0
485,local,1,5.69152691923,0
485,local,2,4.2699053236,1
271,highway,1,0.369672319049,0
271,highway,1,0.572801157342,0
271,highway,3,3.94115702065,1
271,highway,1,1.29750932793,0
271,highway,1,1.01541394101,0
271,highway,1,2.88879424056,0
271,highway,2,3.39175885321,0
271,highway,1,0.669018311199,0
271,highway,1,7.68643777082,0
271,highway,1,15.2805334825,0
271,highway,1,1.5022170142,0
271,highway,2,3.02721375512,0
271,highway,1,0.712962170879,0
271,highway,1,0.0,0
271,highway,1,0.430685200849,0
271,highway,3,2.15734865212,1
271,highway,2,1.77436531996,0
271,highway,1,1.25828787658,0
271,highway,1,0.913065163314,0
271,highway,1,0.00195636841687,0
271,highway,1,4.058947158,0
271,highway,1,0.590406819007,0
271,highway,1,7.35395428946,0
271,highway,5,0.772790995035,1
294,highway,2,5.78799829874,0
294,highway,1,12.420994322,0
294,highway,1,1.56289964176,0
294,highway,1,2.71598301245,0
294,highway,1,181.324307849,0
294,highway,1,121.233220664,0
294,highway,1,2.56761485027,0
294,highway,1,65.5205123226,0
294,highway,1,2.3098819883,0
294,highway,3,4.7047973305,1
294,highway,1,2.78812971143,0
294,highway,1,2.87952449588,0
294,highway,1,7.66534889928,0
294,highway,1,0.153778626925,0
294,highway,1,15.3699100186,0
294,highway,1,7.42187144037,0
294,highway,1,15.6272170835,0
294,highway,1,7.92112900336,0
294,highway,2,318.834592422,0
294,highway,2,3.61883396981,0
299,highway,1,177.276877795,0
299,highway,1,3.14325299223,0
299,highway,2,4.10575672509,0
299,highway,1,5.4958772907,0
299,highway,1,9.01363136694,0
299,highway,1,6.3787416275,0
299,highway,1,19.2737353035,0
299,highway,1,3.97576711363,0
299,highway,1,2.64176174989,0
299,highway,1,4.295335281,0
299,highway,1,1.17096073821,0
299,highway,1,13.3908111066,0
299,highway,5,9.26721959203,1
59,local,1,3.59954162942,0
59,local,3,2.86972907091,1
59,local,1,1.66931118785,0
59,local,1,3.00632053861,0
393,local,1,3.7869154529,0
210,local,1,3.82304701657,0
210,local,1,4.21732086195,0
210,local,1,0.0492686818108,0
210,local,1,10.1346271927,0
210,local,1,0.850899311305,0
210,local,3,1.09650342411,1
210,local,1,0.652523244969,0
210,local,1,28.4701463583,0
210,local,1,6.3384694423,0
210,local,1,0.0,0
84,highway,2,1.14441057397,0
84,highway,1,1.94077546239,0
84,highway,1,3.51556199847,0
84,highway,2,0.923759974174,0
84,highway,1,2.14629599538,0
84,highway,2,0.79144601675,0
84,highway,1,3.94206456988,0
84,highway,1,3.99359908968,0
84,highway,3,0.338922667004,1
84,highway,2,0.0,0
13,highway,1,13.2129334076,0
13,highway,1,0.942046399741,0
13,highway,1,1.91584273982,0
13,highway,1,4.52523836472,0
13,highway,3,4.16740408813,1
13,highway,1,4.43907629648,0
13,highway,1,7.71372044629,0
13,highway,1,40.1407902337,0
13,highway,1,0.0,0
13,highway,3,2.75805763678,1
13,highway,1,14.6021497327,0
13,highway,1,20.7208590364,0
13,highway,1,8.73633391154,0
13,highway,1,0.183081391063,0
13,highway,2,1.94663724763,0
13,highway,1,6.19306679317,0
13,highway,1,2.93336249096,0
13,highway,1,2.8645845381,0
13,highway,2,30.3976322939,0
13,highway,2,3.90298549262,0
13,highway,2,1815.20016971,0
13,highway,1,9.05959212406,0
13,highway,1,0.734194559015,0
13,highway,2,0.0286689354641,0
13,highway,1,7.03031191823,0
13,highway,2,6.02320673554,0
13,highway,3,8.35106705509,1
13,highway,2,8.80687425542,0
71,local,1,7.88076430445,0
286,local,2,0.642409158544,1
286,local,1,0.541132212793,0
286,local,2,0.154314758755,1
286,local,1,3.43099603041,0
91,highway,1,6.807090299,0
491,highway,1,4.24843212316,0
491,highway,1,6.79505652401,0
491,highway,1,6.77087605856,0
491,highway,1,10.5341033768,0
491,highway,1,5.09770657444,0
491,highway,1,7.55770309318,0
491,highway,2,5.96178688094,0
491,highway,1,8.23071646041,0
491,highway,3,0.52011957575,1
491,highway,1,6.45269652325,0
491,highway,2,7.15046038861,0
491,highway,3,6.24142279306,1
491,highway,2,0.0,0
491,highway,1,7.3141000476,0
491,highway,1,6.69799668358,0
491,highway,1,2.9857340939,0
491,highway,3,0.988227193922,1
491,highway,1,8.80310750948,0
491,highway,1,8.10379857137,0
491,highway,2,0.991278750429,0
518,highway,2,7.07598338145,0
518,highway,1,2.08524675044,0
518,highway,1,2.31817908765,0
518,highway,1,9.64101978443,0
518,highway,3,5.04888972335,1
518,highway,2,4.08584059271,0
518,highway,1,8.86412859386,0
518,highway,2,4.0345793215,0
518,highway,1,4.10475583287,0
518,highway,1,6.92764986214,0
518,highway,1,6.90169667007,0
518,highway,1,11.0378749341,0
518,highway,3,13.8146066082,1
518,highway,1,3.10491933351,0
518,highway,1,6.70925903563,0
518,highway,2,4.76870325938,0
351,local,1,2.34462341696,0
351,local,1,0.0,0
351,local,2,10.8882511139,0
351,local,1,6.55537122194,0
351,local,1,1.16591074224,0
351,local,2,2.17426919869,1
351,local,1,0.593191082542,0
351,local,1,0.387467313182,0
351,local,1,0.725044353104,0
351,local,1,1.58939566065,0
351,local,1,0.75102253498,0
388,local,1,0.380913315978,0
388,local,1,2.72832449984,0
388,local,1,2.67647989156,0
388,local,1,24.3373519021,0
388,local,1,0.611409568559,0
388,local,2,0.721095497703,1
492,highway,1,7.92675576659,0
492,highway,1,3.22238433943,0
492,highway,1,1.27840908893,0
492,highway,3,8.94886362248,1
492,highway,1,3.9166375292,0
492,highway,1,0.0274379264868,0
492,highway,1,7.90350856898,0
492,highway,1,0.789221470616,0
492,highway,2,2.74002918484,0
492,highway,1,0.15443050475,0
492,highway,1,4.41959725362,0
492,highway,1,33.0229553531,0
492,highway,1,7.74947176389,0
492,highway,1,5.62966916712,0
492,highway,1,7.82915473504,0
546,highway,1,11.4265521663,0
546,highway,3,2.75067732208,1
546,highway,3,8.60916389061,1
546,highway,1,7.88311892379,0
546,highway,1,14.4487425286,0
546,highway,2,3.48458525104,0
546,highway,1,4.43182716197,0
546,highway,1,1.14394237779,0
546,highway,1,3.5061188736,0
37697,highway,1,2.84233391351,0
37697,highway,2,9.70772059991,0
37697,highway,1,3.7341771543,0
37697,highway,1,0.555293962434,0
37697,highway,3,0.552833476954,1
37697,highway,1,1.4032886891,0
37697,highway,2,0.47598698396,0
37697,highway,2,2.06294793639,0
37697,highway,1,1.14080534818,0
37697,highway,1,8.10953993289,0
8018,highway,2,1.08946269574,0
8018,highway,1,0.748802007276,0
8018,highway,1,0.158304371646,0
8018,highway,1,0.393546341074,0
8018,highway,1,0.520866058658,0
8018,highway,1,0.483031250367,0
8018,highway,1,0.418618382982,0
8018,highway,1,2.02662518915,0
8018,highway,1,4.44654621506,0
8018,highway,3,7.86617728469,1
8018,highway,2,0.223030241894,0
8018,highway,1,0.166223965209,0
8018,highway,1,5.81112751898,0
8018,highway,2,1.57035266237,0
8018,highway,1,3.27227287979,0
8018,highway,1,11.5694478932,0
8018,highway,2,6.66232202318,0
8018,highway,1,0.557019127026,0
18091,highway,2,2.2798385795,0
18091,highway,1,1.02402182555,0
18091,highway,1,3.85023799382,0
18091,highway,1,2.64137318008,0
18091,highway,1,10.3909886666,0
18091,highway,1,1.48981682987,0
18091,highway,1,0.984237612632,0
18091,highway,1,3.7159191342,0
18091,highway,1,9.17139500533,0
18091,highway,1,1.22955896878,0
18091,highway,1,0.0,0
18091,highway,2,0.0,0
18091,highway,1,1.01766195589,0
18091,highway,3,5.85923552108,1
18091,highway,1,11.524482245,0
18447,highway,3,1.59635908798,1
18447,highway,2,2.34983835768,0
18447,highway,1,4.54897574119,0
18447,highway,1,0.906504874648,0
18447,highway,1,0.494882192159,0
18447,highway,1,0.423904110754,0
18447,highway,1,0.764600882875,0
18447,highway,1,9.09517211939,0
18447,highway,1,1.37258734659,0
18447,highway,2,0.332589542696,0
18447,highway,1,0.716935422033,0
18447,highway,1,1.23954640185,0
18448,local,2,0.372699136142,1
18448,local,3,0.306623205672,1
18448,local,1,15.3468989557,0
18448,local,1,1.33803239931,0
18448,local,1,0.495689632255,0
18448,local,1,2.38593313117,0
18448,local,1,0.999864490642,0
18448,local,1,1.49593638018,0
18448,local,2,0.181855639892,1
18448,local,1,0.918940329649,0
18448,local,1,0.105106696714,0
18448,local,1,0.0,0
18448,local,1,0.174493251221,0
18448,local,1,3.22352875384,0
18448,local,1,3.71273148223,0
18448,local,3,0.299420622472,1
18448,local,1,1.15137426841,0
18448,local,1,1.66548917681,0
18448,local,1,1.55712157921,0
18448,local,2,5.81838713492,1
18448,local,1,2.91614465184,0
18448,local,2,17.1944055177,0
18448,local,1,0.0942779675158,0
18448,local,1,2.08674011636,0
18448,local,1,1.72384926225,0
18448,local,1,3.8270660581,0
18448,local,1,3.45945286452,0
18448,local,1,2.34261718671,0
18448,local,1,0.979633712056,0
18448,local,2,4.24754238214,1
18448,local,2,0.623463402838,1
18448,local,1,0.945218073203,0
18448,local,1,0.105474290941,0
18448,local,1,0.0419188563587,0
18448,local,1,1.77167959077,0
18448,local,2,1.52640683146,1
20691,local,1,10.330041487,0
20691,local,1,0.720014893558,0
20691,local,1,0.0,0
20691,local,1,3.03336481444,0
20691,local,2,7.25322500255,1
20691,local,1,0.146114710539,0
20691,local,1,3.26051477052,0
20964,local,1,4.08013125774,0
20956,highway,1,0.663000578564,0
20956,highway,1,2.57136950534,0
20956,highway,1,2.58393491408,0
20956,highway,2,0.621224744206,0
20956,highway,2,2.84915835825,0
20956,highway,1,0.657777963322,0
20956,highway,3,2.59254803046,1
20956,highway,1,3.42108545593,0
20956,highway,2,0.812417992722,0
20956,highway,1,5.23545241242,0
20956,highway,1,0.0,0
20956,highway,1,1.44909982139,0
20956,highway,1,2.07957176933,0
20956,highway,3,0.770504145571,1
20956,highway,2,3.09037215798,0
20956,highway,1,0.321770648646,0
20956,highway,1,1.46087806939,0
20956,highway,1,3.13363929792,0
20956,highway,1,1.88194567774,0
20956,highway,1,2.57447257151,0
20956,highway,1,1.25963603207,0
20956,highway,1,3.39595119063,0
21578,local,1,0.878216809692,0
21578,local,1,1.09047555772,0
21578,local,1,8.1843514425,0
21578,local,1,0.557579537221,0
21578,local,1,1.66094192238,0
21578,local,1,0.89961903949,0
21578,local,2,3.06281822434,1
21578,local,2,7.50802614708,1
21578,local,2,1.03299066043,1
21578,local,1,4.96670257581,0
21578,local,1,1.68947132081,0
21578,local,1,0.0,0
21578,local,1,1.02872245287,0
21578,local,1,0.74549419622,0
20930,highway,1,0.0833019524648,0
21325,highway,1,1.49901208966,0
21325,highway,1,88.7675720077,0
21325,highway,1,4.50892217121,0
21325,highway,3,1.66795928904,1
21325,highway,1,0.404006145621,0
21325,highway,2,2.60425646288,0
21325,highway,1,0.781348164633,0
21325,highway,3,0.810733146241,1
21325,highway,1,0.189974221526,0
21325,highway,1,1.23131697136,0
21325,highway,2,4.31050541365,0
21325,highway,1,1.28914006655,0
21325,highway,2,5.39200165196,0
21325,highway,2,3.58443603259,0
21325,highway,2,3.89788419389,0
21325,highway,1,3.50005926084,0
21325,highway,1,2.78828400359,0
21325,highway,1,8.43198691423,0
21325,highway,1,2.83008926558,0
21325,highway,3,4.97965713216,1
21325,highway,1,0.904886296969,0
21325,highway,1,0.348283640994,0
20928,highway,1,10.1566078794,0
20928,highway,1,10.1061697185,0
20928,highway,1,0.0,0
20928,highway,2,12.1076989254,0
20928,highway,1,8.50684906393,0
20928,highway,2,4.90104013328,0
20928,highway,3,40.3127142684,0
20928,highway,2,19.119662757,0
20928,highway,1,2.93004400165,0
20928,highway,1,1.06584087731,0
20928,highway,1,18.638864038,0
21868,highway,1,0.232759598244,0
21868,highway,7,3.76336066687,1
21868,highway,1,2.83058706053,0
21706,others,1,0.0,0
21706,others,1,31.3673255348,0
21706,others,1,8.39528680202,0
21079,highway,1,4.1062654422,0
21079,highway,1,1.58059147489,0
21079,highway,1,2.88155407677,0
21079,highway,1,2.01685355334,0
21079,highway,3,3.2782520858,1
21079,highway,1,2.2126744482,0
21079,highway,1,4.07199517108,0
21079,highway,3,0.258108465957,1
21079,highway,1,1.54402341619,0
21079,highway,1,0.0,0
21079,highway,1,1.4074989812,0
21079,highway,1,0.409691219807,0
21079,highway,1,0.343221868905,0
21079,highway,1,13.4627309138,0
21079,highway,3,0.386355240623,1
21079,highway,1,94.2635442246,0
21079,highway,2,1.00864014749,0
21733,highway,1,3.14693184498,0
21733,highway,1,2.11442759614,0
21733,highway,1,0.768290747521,0
21733,highway,1,0.976287187934,0
21733,highway,3,0.784954726327,1
21733,highway,1,2.00422940451,0
21733,highway,1,89.5891366892,0
20876,local,1,5.14181525741,0
20876,local,1,1.2811474735,0
20876,local,1,0.426638400889,0
20876,local,1,1.3484023751,0
20876,local,1,0.696944567106,0
20876,local,2,2.94558171837,1
20876,local,1,1.28564899072,0
20876,local,1,0.268946660099,0
20876,local,1,3.28067791318,0
20876,local,1,9.28297957324,0
20876,local,1,1.30316583007,0
20876,local,1,2.61830638595,0
21072,highway,2,2.47789832165,0
21072,highway,3,2.98535858635,1
21072,highway,1,70.3664802446,0
21072,highway,1,2.02900288899,0
21072,highway,2,1.991092995,0
21072,highway,1,2.07787678167,0
21072,highway,2,206.724309313,0
21072,highway,2,0.0,0
21072,highway,1,0.0248764650548,0
21072,highway,2,3.86217558188,0
21072,highway,1,8.92455942106,0
21072,highway,2,4.0388465094,0
21072,highway,1,5.59580069715,0
21072,highway,1,2.37996917205,0
21072,highway,1,4.5377089159,0
21072,highway,1,1.75089467761,0
21072,highway,1,0.507170196086,0
21072,highway,1,3.1447624791,0
21072,highway,3,1.6586818992,1
21184,local,2,3.8931971437,1
21911,highway,1,2.05558175871,0
21911,highway,1,6.68305417107,0
21911,highway,1,3.33601732462,0
21911,highway,1,1.25851946671,0
21911,highway,1,0.618124185861,0
21911,highway,3,1.24036919963,1
21911,highway,1,1.35100384529,0
21911,highway,1,7.9691467464,0
21911,highway,1,1.65605986748,0
21911,highway,2,4.77348485622,0
21047,local,1,0.800170726933,0
21047,local,1,1.13274239671,0
21047,local,1,0.933852020619,0
21047,local,1,1.27699910583,0
21047,local,2,2.22021116119,1
21047,local,1,0.633290947551,0
21047,local,1,0.301119028818,0
21047,local,1,3.60262358261,0
21047,local,1,0.702871700722,0
21047,local,1,0.506263990571,0
21047,local,1,1.60115543996,0
21047,local,1,2.20084253238,0
21047,local,1,3.29659691465,0
21047,local,1,28.5001982405,0
21047,local,1,2.56339881397,0
21851,highway,1,1.52068581274,0
21851,highway,1,1.5444900693,0
21851,highway,2,4.61973355612,0
21851,highway,2,2.57054690307,0
21851,highway,1,3.50094203577,0
21851,highway,1,1.99515094073,0
21851,highway,1,10.3094517223,0
21851,highway,1,1.63279430267,0
21851,highway,1,2.88599039704,0
21851,highway,2,3.28865106093,0
21851,highway,1,2.61341993091,0
21851,highway,2,2.93628667508,0
21851,highway,3,2.00720676718,1
21851,highway,1,2.50745097887,0
21851,highway,1,5.95519248936,0
21851,highway,3,3.65223515709,1
20994,highway,2,14.2045708837,0
20994,highway,7,9.48660838722,1
20994,highway,1,23.8467355767,0
20994,highway,1,0.85015542149,0
20994,highway,1,0.84321073936,0
20994,highway,1,21.3171039164,0
20994,highway,1,4.77469778201,0
20994,highway,1,73.5632811706,0
20994,highway,1,49.3981742359,0
20994,highway,1,38.6590316957,0
20994,highway,1,2.26432744109,0
20994,highway,1,3.8252794613,0
20994,highway,1,6.14952570919,0
20994,highway,1,21.2129957446,0
20994,highway,1,4.41305730361,0
20994,highway,1,0.0,0
20994,highway,2,4.05870920484,0
20994,highway,1,66.9495684954,0
20994,highway,1,7.7503495257,0
20994,highway,1,8.53435439925,0
20994,highway,1,7.69654479117,0
20994,highway,1,11.4668959888,0
20994,highway,3,13.4348973049,1
20994,highway,3,10.6960557184,1
21491,highway,1,0.266451017756,0
21491,highway,2,11.2338891313,0
21491,highway,1,2.77703432491,0
21491,highway,1,0.111979098272,0
21491,highway,1,1.70224972704,0
21491,highway,1,378.167631963,0
21491,highway,1,1.5899085994,0
21491,highway,3,4.75388221687,1
21491,highway,2,0.115493521323,0
21491,highway,1,0.0664762885918,0
21491,highway,1,0.913127473275,0
21491,highway,2,13.0038583373,0
21491,highway,1,2.28877648633,0
21491,highway,1,0.778948447563,0
21491,highway,3,2.145724619,1
21491,highway,2,0.988192023438,0
21491,highway,1,25.9194944524,0
21491,highway,3,5.68023340823,1
20805,local,1,2.29383029018,0
20805,local,1,3.1514140774,0
20805,local,2,1.91342425066,1
20805,local,1,1.23458613769,0
20805,local,1,0.896505110644,0
20805,local,1,0.017694587334,0
21605,highway,1,8.02977189614,0
21605,highway,1,4.44627320407,0
21605,highway,2,3.05702850634,0
21605,highway,1,1.02364729341,0
21605,highway,1,6.51081245238,0
21605,highway,2,28.7782067763,0
21605,highway,1,0.412846671776,0
21605,highway,1,2.66900538513,0
21605,highway,3,1.6115995625,1
21605,highway,1,0.0,0
21605,highway,2,4.74782018338,0
21605,highway,1,3.05461000599,0
21605,highway,1,1.46743979214,0
21504,highway,1,18.0307172785,0
21504,highway,2,0.699566425489,0
21504,highway,1,0.0984210438728,0
21504,highway,1,0.196719487707,0
21504,highway,2,27.7350805561,0
21504,highway,1,8.01061507211,0
21504,highway,1,2.62294948713,0
21504,highway,1,3.8005120907,0
21504,highway,1,27.6846139265,0
21504,highway,1,6.11546065881,0
21504,highway,2,0.15881988882,0
21504,highway,1,0.43997628515,0
21504,highway,2,0.80387864563,0
21504,highway,1,6.24424032131,0
21504,highway,1,4.89764186997,0
21504,highway,1,1.44452753579,0
21504,highway,1,6.40405258816,0
21504,highway,1,1.10529171972,0
21504,highway,1,0.303073448437,0
21504,highway,1,24.214587448,0
21504,highway,1,10.9692066575,0
21504,highway,1,9.54813119845,0
21504,highway,1,14.8884898452,0
21504,highway,1,1.95931340293,0
21504,highway,2,2.53155185838,0
21555,highway,2,1.40747706123,0
21555,highway,2,0.467643826268,0
21555,highway,1,0.8378327089,0
21555,highway,1,2.50461624716,0
21555,highway,1,0.0,0
21555,highway,1,6.95258141796,0
21555,highway,1,5.64206107424,0
21555,highway,2,1.39028817908,0
21555,highway,3,10.5822292653,1
21555,highway,1,2.65200770284,0
21555,highway,1,8.26175721977,0
21004,highway,1,3.03152964067,0
21004,highway,1,0.0,0
21004,highway,1,5.6522319859,0
21004,highway,1,5.97105947308,0
21004,highway,1,2.59732019908,0
21004,highway,1,161.853602523,0
21004,highway,1,0.15284016394,0
21004,highway,1,4.49021711596,0
21004,highway,1,0.658798138046,0
21004,highway,2,2.18223605065,0
21004,highway,2,19.3911402749,0
20931,highway,1,10.2042300153,0
20931,highway,1,2.04280854267,0
20931,highway,2,3.65301249077,0
20931,highway,1,8.45046040594,0
20931,highway,1,8.156439099,0
20931,highway,1,5.33629239105,0
20931,highway,1,177.018474886,0
20931,highway,1,3.7080649074,0
20931,highway,2,5.27653414586,0
20931,highway,2,8.16695796051,0
20931,highway,1,4.14763632935,0
20931,highway,1,2.87101323305,0
20931,highway,1,11.0497239979,0
21395,highway,1,6.98242838848,0
21395,highway,4,2.55596722575,1
21395,highway,1,6.16985614184,0
21395,highway,1,1.6322977092,0
21004,highway,1,8.15456150054,0
21650,local,1,0.13244439874,0
21650,local,1,10.9528580064,0
21650,local,1,1.31175935613,0
20931,highway,1,1.77300176204,0
20931,highway,1,5.31060884641,0
21395,highway,3,1.57236804609,1
21395,highway,1,0.196972385253,0
21395,highway,1,2.45044562746,0
21395,highway,2,13.3151576427,0
21395,highway,1,4.52576489278,0
21395,highway,1,1.43427204484,0
21395,highway,1,6.45021381554,0
21395,highway,1,9.48394554963,0
21395,highway,1,19.901963129,0
21395,highway,3,4.60319740213,1
21395,highway,1,3.61640389787,0
21395,highway,1,0.0823123122805,0
21395,highway,2,3.93781629391,0
21395,highway,1,0.0626118867809,0
21395,highway,1,5.63387502383,0
21395,highway,1,0.215399581441,0
21395,highway,1,0.0,0
21395,highway,1,16.5576017474,0
21395,highway,8,4.60708739456,1
21395,highway,1,4.13007624761,0
21395,highway,1,0.94754892782,0
21395,highway,1,0.0,0
21395,highway,1,0.287913741931,0
21395,highway,1,3.81930497045,0
21395,highway,1,0.016170079224,0
21395,highway,1,4.37115020697,0
21395,highway,1,0.013312994463,0
21395,highway,1,0.00211302684019,0
21395,highway,1,0.119727847079,0
21395,highway,3,4.0684807961,1
21395,highway,2,5.83242422332,0
21395,highway,1,4.35659831192,0
21395,highway,3,0.3570733446,1
21395,highway,1,0.265834452339,0
21395,highway,1,0.0791129298328,0
21395,highway,2,21.6401394313,0
21395,highway,1,4.16396833718,0
21395,highway,1,1.80474863605,0
21395,highway,1,6.61850947174,0
21395,highway,2,4.82212091357,0
21395,highway,1,4.56631965349,0
21395,highway,2,6.79837758956,0
21395,highway,1,0.24717041753,0
21395,highway,1,1.52097351411,0
21395,highway,2,3.57221795065,0
21395,highway,1,0.0699855358976,0
21395,highway,1,3.76909840382,0
21395,highway,2,0.601379304769,0
21395,highway,1,5.00748863763,0
21395,highway,2,80.4079642182,0
21395,highway,1,0.942855502269,0
21395,highway,2,1.51551751597,0
21395,highway,1,1.70345749661,0
21395,highway,1,0.195683727336,0
21395,highway,1,54.1637174453,0
21395,highway,3,2.70371327856,1
21395,highway,1,2.79127316588,0
21395,highway,1,4.21710354061,0
21568,highway,1,0.862529656562,0
21568,highway,1,1.47010670475,0
21568,highway,7,2.6749637073,1
21568,highway,1,1.58654467084,0
21568,highway,1,4.96491352281,0
21568,highway,1,5.02671529053,0
21568,highway,1,5.02671529053,0
21568,highway,1,0.950296867829,0
21568,highway,1,0.779938056674,0
21568,highway,1,0.0,0
21568,highway,1,1.19461180188,0
21568,highway,1,0.12829476145,0
21568,highway,1,0.855165626014,0
21568,highway,1,1.38734573234,0
21568,highway,1,0.386006719771,0
21568,highway,3,1.05486477296,1
21568,highway,2,0.656622045324,0
21568,highway,1,0.62367812941,0
21568,highway,1,1.25116284835,0
21568,highway,1,1.58546251671,0
21568,highway,1,3.8600927186,0
21568,highway,1,1.0164624314,0
21568,highway,1,2.38166014336,0
21568,highway,1,7.87299272518,0
21568,highway,1,1.08511210345,0
21568,highway,1,0.0,0
21568,highway,1,1.50204288664,0
21568,highway,1,1.95715172245,0
21568,highway,1,0.713683522658,0
21568,highway,1,0.0,0
21568,highway,1,1.81698053429,0
21568,highway,2,3.95566970145,0
21058,highway,2,0.12199121535,0
21797,highway,1,6.86445848989,0
21797,highway,1,92.4659906466,0
21220,highway,1,0.342712261354,0
21220,highway,1,9.39784503734,0
21220,highway,4,0.670995394969,1
21220,highway,2,2.47933271107,0
21220,highway,1,0.022558197513,0
21220,highway,2,7.81754758761,0
21220,highway,1,2.92123073369,0
21220,highway,3,5.1883636868,1
21220,highway,2,6.29617671346,0
21220,highway,1,2.61298554875,0
21220,highway,1,7.88517739396,0
21220,highway,2,6.83041838994,0
21220,highway,1,4.87928104502,0
21220,highway,1,0.468765175915,0
21220,highway,1,3.77103348679,0
21220,highway,1,1.6934657041,0
21220,highway,1,0.900615302627,0
21220,highway,1,2.2710072323,0
21220,highway,2,0.147644776244,0
21220,highway,1,0.0,0
21220,highway,1,0.518649160906,0
21220,highway,1,3.53770733589,0
21220,highway,2,0.564130350123,0
21220,highway,2,15.6509519854,0
21220,highway,2,3.97593062014,0
21220,highway,3,6.74254047152,1
21220,highway,2,4.21497549269,0
21220,highway,1,8.91403555206,0
21220,highway,2,25.3897217055,0
21220,highway,1,0.0466959322797,0
21220,highway,1,6.41486523242,0
21220,highway,1,6.95965975474,0
21220,highway,1,3.80501211159,0
21220,highway,1,13.8250726664,0
21220,highway,1,0.309354573102,0
21220,highway,3,4.68947114839,1
21220,highway,2,1.4752232392,0
21220,highway,3,0.299535946602,1
21220,highway,1,4.89245180265,0
21220,highway,1,1.92515635648,0
21220,highway,1,4.86335716587,0
21220,highway,2,11.0752677221,0
21220,highway,1,0.0,0
21220,highway,1,1.68247830423,0
21220,highway,1,6.37624540728,0
21220,highway,1,1.230790899,0
21220,highway,1,1.27958784543,0
21220,highway,1,3.65932797852,0
21220,highway,2,7.48566341157,0
21220,highway,2,7.00202947203,0
21220,highway,1,3.49592722974,0
21220,highway,1,1.74407985871,0
21220,highway,1,7.08750875431,0
21220,highway,2,4.59772642849,0
21220,highway,2,0.824301145153,0
21220,highway,3,1.76956020813,1
21391,highway,1,1.57598670327,0
21391,highway,4,1.87995340149,1
21391,highway,2,3.03236653553,0
21391,highway,1,0.570775585476,0
21391,highway,1,22.7584369325,0
21391,highway,1,3.70143803826,0
21391,highway,1,0.970928849559,0
21391,highway,1,3.26028300659,0
21391,highway,1,2.05561983878,0
21391,highway,2,4.85188610209,0
21391,highway,1,2.3342750147,0
21391,highway,3,3.45168619563,1
21391,highway,4,16.6705527436,1
21391,highway,1,0.907671594425,0
21391,highway,1,3.63559354944,0
21833,local,2,0.529587304239,1
21833,local,1,3.26330941206,0
21833,local,1,10.6319276531,0
21833,local,1,0.84578744856,0
21833,local,1,0.0970780831171,0
21833,local,1,0.930792051192,0
21833,local,1,2.50369618101,0
21833,local,1,4.59670389566,0
21833,local,2,0.160011610208,1
20623,highway,1,5.71856977885,0
20623,highway,1,8.3762168831,0
20623,highway,2,3.81187008822,0
20623,highway,1,6.04876555451,0
20623,highway,1,4.17292583955,0
20623,highway,1,2.6617607199,0
21033,highway,1,17.6996688707,0
21033,highway,1,18.0869477621,0
21033,highway,2,44.0009324483,0
21033,highway,1,6.79679130208,0
21033,highway,1,12.6061379074,0
21033,highway,1,24.5142274415,0
21033,highway,1,4.8600103826,0
21033,highway,3,8.43387441213,1
21331,local,2,11.5159382024,0
20942,local,1,2.73158329855,0
20942,local,2,0.22044509658,1
20942,local,2,0.0937105601411,1
20942,local,2,0.661806818935,1
20942,local,2,0.593289166292,1
20942,local,2,0.149785721411,1
20942,local,2,1.26898214644,1
20580,local,1,9.12388614369,0
20580,local,1,5.24344969639,0
20580,local,1,4.71839961955,0
20580,local,1,9.13644182321,0
20580,local,1,4.54173746912,0
20580,local,1,4.23366415373,0
20580,local,1,138.970342475,0
20580,local,1,2.74392376995,0
20580,local,1,5.32296394155,0
20580,local,1,1.50901546718,0
20580,local,1,5.96130206873,0
21249,highway,1,4.8163356631,0
21249,highway,2,4.46009360799,0
21249,highway,2,2.54230205446,0
21249,highway,1,0.0,0
21249,highway,1,1.24060877213,0
21249,highway,1,1.00407380358,0
21249,highway,3,0.780528482838,1
21249,highway,1,26.058224978,0
21249,highway,1,3.3561037501,0
21249,highway,1,3.65345664446,0
21249,highway,1,1.06135547374,0
21249,highway,1,2.66357891545,0
21401,local,1,2.54978476915,0
21401,local,1,3.46922304827,0
21401,local,1,3.07921937653,0
21401,local,1,1.5987113993,0
21401,local,1,93.8622521535,0
21401,local,1,10.6792432773,0
21401,local,1,2.38337943325,0
21401,local,1,0.0,0
21401,local,1,4.97705460327,0
21401,local,1,24.3934416818,0
21401,local,1,2.80128095632,0
21401,local,2,0.0,1
21401,local,1,2.2038676414,0
21401,local,1,78.9042071833,0
21401,local,1,3.97220331735,0
21401,local,1,5.98225013464,0
21401,local,1,12.0275084366,0
21401,local,2,1.70078657691,1
21463,local,2,7.03791068826,1
21463,local,1,206.222702052,0
21463,local,1,8.05919842383,0
21463,local,1,2.42647514785,0
21463,local,2,9.91976592363,0
21712,highway,1,0.000614807702177,0
21712,highway,1,0.322205714174,0
21067,highway,1,0.911064309624,0
21067,highway,1,5.76175363696,0
21067,highway,1,1.35163897842,0
21872,local,1,2.17574429635,0
20585,local,1,1.65370080013,0
20585,local,1,3.72286232015,0
20585,local,1,2.50171966666,0
20585,local,1,2.50171966666,0
20585,local,2,36.9172246462,0
20585,local,1,2.50456720974,0
20585,local,1,1.73164967312,0
21772,highway,1,2.5818307961,0
21772,highway,1,2.24423462604,0
21772,highway,1,3.04935831665,0
21772,highway,1,0.0,0
21772,highway,1,1.13565335388,0
21772,highway,3,3.20215922,1
21772,highway,1,4.64350148171,0
21772,highway,1,4.01647031555,0
21772,highway,3,9.72980572022,1
21772,highway,1,1.3050095663,0
21772,highway,1,6.30976086424,0
21772,highway,1,0.0,0
21772,highway,1,37.0418365553,0
21377,highway,3,3.57719877285,1
21377,highway,2,3.82042488009,0
21377,highway,1,0.0,0
21377,highway,2,0.80356655611,0
21377,highway,3,5.43196052817,1
21377,highway,1,9.31622816296,0
21377,highway,1,3.65596028645,0
21377,highway,1,2.59247569814,0
21377,highway,1,5.63580103596,0
21377,highway,2,2.58995349155,0
21377,highway,1,6.47133219974,0
21377,highway,1,8.77936999356,0
21377,highway,1,0.0,0
21377,highway,4,0.0,1
21377,highway,1,3.65085451034,0
21088,highway,1,4.87001048819,0
21088,highway,1,0.585700950036,0
21088,highway,3,1.57046074267,1
21088,highway,1,16.9519942024,0
21088,highway,1,4.14191107346,0
21088,highway,2,14.027901891,0
21088,highway,1,107.969426251,0
21088,highway,1,25.8278662529,0
20933,highway,1,1.06127972552,0
20933,highway,1,1.7993628338,0
20933,highway,3,12.1390510838,1
20933,highway,1,3.3868211291,0
20933,highway,1,44.5965084702,0
20933,highway,1,0.0,0
20933,highway,1,2.52441265971,0
20933,highway,1,2.22887838108,0
20933,highway,1,3.98687023655,0
20933,highway,1,1.43036969837,0
20933,highway,1,0.260433019259,0
20933,highway,1,2.29879906336,0
20933,highway,2,0.510551114424,0
20933,highway,1,4.89124939329,0
20933,highway,2,3.83963723812,0
20933,highway,1,14.5943324127,0
20933,highway,1,3.69716282466,0
20933,highway,2,1.7839939141,0
20933,highway,1,0.41096739483,0
20933,highway,1,2.94170503508,0
20933,highway,1,2.57785718113,0
20933,highway,3,3.61454115603,1
20933,highway,2,0.621531413995,0
20933,highway,1,0.714255867234,0
20933,highway,1,6.31662348216,0
20933,highway,1,1.96137821303,0
20933,highway,1,4.5718804555,0
20933,highway,1,0.0,0
20933,highway,1,1.4113826879,0
20933,highway,1,0.353955016124,0
20933,highway,3,4.73735790595,1
20933,highway,3,9.63177755793,1
20933,highway,1,0.334960340296,0
20933,highway,1,1.98866370919,0
20933,highway,1,0.94107245869,0
21450,highway,1,16.9213202397,0
21242,highway,1,2.51514486613,0
21242,highway,3,8.15661930097,1
21242,highway,1,1.30770999223,0
21242,highway,1,1.29063189291,0
21242,highway,2,7.35021787616,0
21242,highway,2,3.18751355346,0
21577,local,1,2.62307240771,0
21577,local,2,1.4234752421,1
21577,local,1,10.8718376817,0
21577,local,1,0.384829182484,0
21577,local,1,1.75478648009,0
21577,local,2,4.05029810647,1
21577,local,1,0.541428821714,0
21577,local,1,0.819971565228,0
20748,highway,1,4.52190054514,0
20748,highway,1,11.1917267301,0
20748,highway,2,3.12275354709,0
20748,highway,1,4.22654489226,0
20748,highway,1,8.00944580489,0
20748,highway,1,4.9749660052,0
20748,highway,2,6.54758073837,0
20748,highway,1,3.07449484418,0
20748,highway,3,6.72582160089,1
20748,highway,1,4.91031758357,0
20748,highway,1,0.466222418939,0
20748,highway,1,4.7451161023,0
21572,local,1,7.12341319315,0
21572,local,2,6.83733903244,1
21572,local,1,14.1350840959,0
21572,local,1,0.387283592504,0
21572,local,2,44.0182600332,0
21572,local,1,0.0661474823751,0
21572,local,1,0.783921727125,0
21572,local,1,1.24671156142,0
21572,local,1,1.39857344242,0
21572,local,1,3.13121805061,0
21572,local,1,1.69769297602,0
21572,local,1,3.9910951267,0
21572,local,1,0.50218083725,0
21572,local,2,18.2599691883,0
21572,local,1,0.0,0
21572,local,1,1.43171949465,0
21572,local,2,0.78354639459,1
21572,local,2,0.10024394776,1
21572,local,1,0.306761974689,0
21572,local,1,25.9849827663,0
21572,local,2,0.800029573365,1
21572,local,1,8.28718957181,0
21572,local,2,0.474490729601,1
21572,local,1,0.00766180621148,0
21572,local,1,0.0516446239248,0
21572,local,2,0.558962915275,1
21572,local,2,1.32970615501,1
21572,local,1,2.67028897643,0
21572,local,1,0.0,0
21572,local,1,26.0340713086,0
21572,local,2,0.0,1
21572,local,1,0.598085244348,0
21572,local,2,0.399765607699,1
21572,local,1,8.1917444455,0
21572,local,1,1.50889913333,0
21572,local,1,6.94893452658,0
21572,local,1,0.530013886837,0
21572,local,1,0.961264576083,0
21553,highway,1,2.11979883039,0
21553,highway,3,2.10935238464,1
21553,highway,1,8.24794761441,0
21553,highway,1,9.86088149099,0
21553,highway,1,0.174266876609,0
21553,highway,1,3.00606081741,0
21553,highway,1,8.13804404823,0
21553,highway,2,4.97968049986,0
21553,highway,1,10.8883472148,0
21553,highway,1,1.05251388748,0
21553,highway,1,0.588257253856,0
21553,highway,1,2.95503395419,0
21553,highway,1,3.45740685083,0
21553,highway,1,1.37207278062,0
21553,highway,1,11.9307106361,0
20911,highway,1,5.08619844171,0
20911,highway,1,1.70544280095,0
20911,highway,1,2.37372017071,0
20911,highway,1,7.45638631256,0
20911,highway,2,5.47793238131,0
20911,highway,1,9.46753277423,0
20911,highway,1,0.463957056369,0
20911,highway,1,17.6275251643,0
20911,highway,1,1.42988228637,0
20911,highway,1,3.22854692612,0
20911,highway,1,2.52433163748,0
20911,highway,2,0.227272226148,0
20911,highway,3,53.5703945687,0
20911,highway,1,3.62670259471,0
20911,highway,1,13.0610393242,0
20911,highway,1,0.163893802525,0
20911,highway,1,0.904723852456,0
20911,highway,1,5.12688139041,0
20911,highway,1,1.62427008253,0
20911,highway,1,331.99593895,0
20911,highway,1,9.60560358028,0
20652,highway,3,6.93709867333,1
20652,highway,1,0.152270343683,0
20652,highway,1,0.0543623163513,0
20652,highway,1,17.2420995893,0
21082,highway,1,2.15595054078,0
21082,highway,2,59.9703719143,0
21082,highway,1,0.389775973732,0
21082,highway,1,2.05017067847,0
21082,highway,1,1.44350813264,0
21082,highway,1,1.26682276334,0
21082,highway,1,1.13549235749,0
21082,highway,1,1.07360870915,0
21082,highway,2,0.325921814079,0
21082,highway,3,4.49526169926,1
21082,highway,3,1.26282012031,1
21082,highway,1,0.345827049754,0
21082,highway,1,0.167651057144,0
21082,highway,1,5.94074512707,0
21082,highway,1,4.90969199219,0
21082,highway,2,4.08955899669,0
21082,highway,2,0.931997361437,0
21082,highway,2,0.677742367387,0
21082,highway,1,0.0,0
21082,highway,1,0.34008352893,0
21082,highway,1,6.06865619499,0
21082,highway,1,1.28158651763,0
21082,highway,1,0.465184880433,0
21082,highway,1,6.87818420144,0
21082,highway,1,0.0,0
21082,highway,1,0.601785487627,0
21082,highway,1,2.01506894144,0
21082,highway,7,0.795527640825,1
21082,highway,1,4.3254819679,0
21082,highway,1,0.353720072674,0
21082,highway,1,3.26144163865,0
20648,highway,2,2.06148978169,0
20648,highway,1,0.309031043931,0
20648,highway,1,1.19477822626,0
20648,highway,2,6.94903199573,0
20648,highway,1,1.57977432638,0
20648,highway,1,0.490613842967,0
20648,highway,1,7.19132463658,0
20648,highway,2,5.76028192508,0
20648,highway,2,2.10872396068,0
20648,highway,1,2.66399959644,0
20648,highway,1,0.0,0
20648,highway,1,5.58314029859,0
20648,highway,1,3.27214634671,0
20648,highway,2,44.7580162467,0
20648,highway,1,2.47209041808,0
20648,highway,1,5.13368959271,0
20648,highway,1,4.49435001517,0
20648,highway,1,1.86452872937,0
20648,highway,7,0.0,1
20648,highway,1,1.50613091993,0
20648,highway,8,16.3602382677,1
20648,highway,1,3.93736301323,0
20648,highway,1,22.0491783133,0
20648,highway,1,6.1754188618,0
20648,highway,1,2.51469569534,0
20648,highway,7,2.36300195989,1
20648,highway,1,0.260798702515,0
20648,highway,1,37.731377345,0
20648,highway,1,2.97149821672,0
20648,highway,1,0.0,0
20648,highway,2,0.322073387882,0
20648,highway,1,0.255858601073,0
20648,highway,1,1.10404698864,0
20648,highway,1,1.30842105376,0
20648,highway,1,19.7063623405,0
20648,highway,2,0.535505658253,0
22059,local,1,1.06985762474,0
22059,local,1,1.23108194533,0
22059,local,1,3.2097891321,0
22059,local,1,5.88641233804,0
22059,local,1,0.31028676741,0
22059,local,1,7.69759667042,0
22059,local,2,0.0,1
22059,local,1,72.4030198003,0
21919,local,1,0.072052113552,0
23969,highway,1,2.87854354076,0
23969,highway,2,13.4184156473,0
23969,highway,1,13.1617541099,0
23969,highway,1,12.5842154937,0
23969,highway,7,16.7693869607,1
23969,highway,1,1.31267646971,0
23969,highway,1,33.7974628362,0
23875,highway,1,1.04824616485,0
24090,highway,1,0.965842454908,0
24090,highway,1,3.27113019042,0
24090,highway,1,0.142709959659,0
24090,highway,1,0.348409010807,0
24090,highway,2,0.874561961347,0
24090,highway,3,3.72128877402,1
24090,highway,1,0.581917013242,0
24090,highway,1,3.51716187713,0
24090,highway,1,0.0,0
24090,highway,1,0.0972266296432,0
24090,highway,1,229.666628049,0
24090,highway,2,0.466308067578,0
24352,local,2,0.0910609299886,1
24352,local,1,19.244417939,0
24327,local,1,1.5130819914,0
24327,local,1,1.22835735335,0
24327,local,1,0.109309238802,0
24327,local,1,0.131428574187,0
24327,local,1,0.448490595048,0
24327,local,1,1.99539626555,0
24327,local,2,0.184165304263,1
24327,local,1,33.4689421429,0
24327,local,1,2.19639890597,0
24327,local,1,3.93646101666,0
22957,local,1,0.0,0
22957,local,1,8.33339373276,0
22957,local,1,3.35452818272,0
22957,local,1,58.1828163115,0
22957,local,1,1.74770857895,0
22957,local,1,25.0696226143,0
22957,local,1,3.66050761912,0
22957,local,1,9.16064214609,0
22957,local,2,6.95315236144,1
22957,local,2,13.1306527797,0
22957,local,1,0.796270541269,0
22957,local,2,9.10929681094,0
22957,local,1,0.988181324039,0
22957,local,2,4.66073932002,1
23944,highway,1,3.45732943074,0
23944,highway,1,5.61767126619,0
23944,highway,1,1.80411872507,0
23944,highway,1,23.5982330468,0
23944,highway,7,7.49547474443,1
23944,highway,1,10.7975318482,0
23944,highway,1,0.407771223968,0
23944,highway,2,0.0987679026469,0
23944,highway,2,2.57581313838,0
23455,highway,1,4.52722533293,0
23455,highway,2,0.0,0
23729,highway,1,6.56983108255,0
23729,highway,1,0.666333628689,0
23729,highway,1,3.30865946352,0
23974,highway,1,0.0,0
23974,highway,1,0.0,0
23974,highway,1,4.03327775064,0
23974,highway,2,1.45955789043,0
23974,highway,2,4.57876752703,0
23974,highway,1,2.41286100955,0
23974,highway,1,1.817653017,0
23974,highway,3,1.93694853788,1
23974,highway,1,0.553456279421,0
23974,highway,2,6.59922135375,0
23974,highway,3,0.973682107995,1
23974,highway,1,13.57383584,0
23974,highway,1,1.77330932565,0
23974,highway,1,0.806997246944,0
23974,highway,2,1.63221809241,0
23974,highway,1,0.148019894473,0
23974,highway,3,2.89504007558,1
24181,local,2,1.6610166379,1
24181,local,1,1.30083376174,0
24181,local,1,3.38486802906,0
24181,local,1,0.0,0
24181,local,2,3.36638393875,1
24181,local,1,2.15964323834,0
24181,local,1,4.47808793317,0
24181,local,1,2.548956669,0
24181,local,3,2.5525101219,1
22763,highway,1,6.79536801182,0
22763,highway,1,10.126050498,0
22529,local,2,8.64094534936,0
22529,local,2,0.0400722894812,1
22529,local,2,2.02132361663,1
22529,local,1,1.17440983005,0
22529,local,2,14.3576251457,0
22529,local,1,75.8320823579,0
22529,local,1,1.88421519079,0
22529,local,1,0.729321810189,0
22529,local,1,5.53168493171,0
22529,local,1,2.54315444495,0
22529,local,1,301.106668507,0
22529,local,1,0.786852162699,0
23316,local,1,4.32070665758,0
23316,local,1,8.30104439434,0
22455,highway,2,10.6386434838,0
22455,highway,1,0.0,0
22455,highway,1,4.13346460118,0
22455,highway,2,0.424209506071,0
22455,highway,1,10.1511747147,0
22455,highway,2,0.0,0
22455,highway,1,3.02263746081,0
22455,highway,2,16.697894683,0
22455,highway,2,22.3020982185,0
22455,highway,1,5.25136175618,0
22455,highway,1,10.7026641886,0
22455,highway,1,11.5489382147,0
22455,highway,1,0.0,0
22455,highway,1,4.96864341727,0
22455,highway,1,0.402663053666,0
22455,highway,1,9.02073834657,0
22455,highway,2,2.23402486771,0
22455,highway,1,7.81519055355,0
22455,highway,1,23.5826345848,0
22455,highway,1,5.77784365787,0
22455,highway,5,0.0349894594354,1
22455,highway,1,1.11560555198,0
24004,highway,1,0.0,0
24004,highway,2,0.462217605841,0
24004,highway,1,1.82629465243,0
24004,highway,1,4.76567847007,0
24004,highway,1,2.2956569873,0
24004,highway,1,5.85661405282,0
24004,highway,1,5.88390915286,0
24004,highway,1,1.62246693322,0
24004,highway,1,2.20078117275,0
24004,highway,1,0.209223326374,0
24004,highway,2,2.58491957329,0
24004,highway,1,15.719685836,0
24004,highway,1,4.46780228576,0
24004,highway,1,1.77352848894,0
24004,highway,1,5.21090114392,0
24004,highway,2,0.0815617237193,0
24004,highway,5,2.61715334312,1
24344,local,1,1.04776525721,0
24344,local,1,8.23105312846,0
24344,local,1,6.91279069447,0
24344,local,1,0.406265358297,0
24344,local,1,1.3359497385,0
24344,local,2,1.36128734339,1
24344,local,1,13.2890419621,0
24344,local,1,0.0,0
22135,highway,2,7.22670448684,0
22135,highway,1,19.2369316428,0
22135,highway,2,11.1566378981,0
22152,highway,1,0.860419451334,0
22152,highway,1,4.14447150443,0
22152,highway,1,3.13184242536,0
22152,highway,1,1.55495512574,0
22152,highway,1,11.1957665917,0
22152,highway,1,9.36519467765,0
22152,highway,1,3.80677740879,0
22152,highway,1,0.0,0
22152,highway,1,6.36883343626,0
23922,highway,7,20.6359443595,0
23922,highway,1,27.6453149716,0
23922,highway,1,3.45013666361,0
23778,highway,3,6.61883462889,1
23778,highway,1,7.75149677383,0
23778,highway,1,9.85279412503,0
23778,highway,1,163.711709639,0
23778,highway,1,6.90287650131,0
23778,highway,1,7.57526236428,0
23778,highway,1,10.3716339018,0
22382,highway,2,0.573895452232,0
22382,highway,1,5.91975711791,0
22382,highway,1,1.18889856263,0
22382,highway,4,4.84973801431,1
22382,highway,1,0.425882239257,0
22382,highway,1,9.71735736774,0
22382,highway,1,0.246874931267,0
22382,highway,1,4.35392881374,0
22343,highway,2,9.84670150267,0
22343,highway,7,9.26119374663,1
22343,highway,1,11.844285995,0
22343,highway,1,11.0474370742,0
22343,highway,2,6.27762620985,0
23967,highway,1,5.01248571249,0
23967,highway,1,0.522926546239,0
23967,highway,2,31.7896307492,0
23967,highway,1,6.06300293572,0
23967,highway,2,2.61778020689,0
23967,highway,1,1.58806301879,0
23967,highway,2,4.37850774092,0
23967,highway,1,3.28566589128,0
23967,highway,1,3.43535791839,0
23967,highway,3,3.94398730922,1
23967,highway,1,10.0502485474,0
23967,highway,1,3.33214530848,0
23967,highway,1,14.8505775986,0
23967,highway,1,5.54402067463,0
23967,highway,1,1.5941149611,0
23967,highway,2,17.8100084414,0
23967,highway,2,5.93207146251,0
23967,highway,1,11.3452887423,0
23967,highway,1,3.33389717443,0
23967,highway,5,0.290334544782,1
23967,highway,1,65.3851129876,0
24011,highway,3,2.70105486711,1
24011,highway,3,18.9016853249,1
24011,highway,1,3.61185366867,0
24011,highway,1,0.0,0
24011,highway,1,46.3426683327,0
24011,highway,1,0.434626841522,0
24011,highway,1,2.82174291401,0
24011,highway,1,4.18842188219,0
24372,highway,1,0.941393797897,0
24372,highway,2,2.01205647299,0
24372,highway,1,1.07730969229,0
24372,highway,1,5.23298673542,0
24372,highway,1,1.41993543685,0
24372,highway,1,0.340216478332,0
24372,highway,7,7.41270419092,1
24372,highway,1,0.882308896952,0
24372,highway,1,2.52966161131,0
24372,highway,1,3.50106774944,0
24372,highway,2,3.01259953967,0
24372,highway,1,2.49379906697,0
24372,highway,3,2.6266579151,1
24372,highway,1,1.11112794371,0
24372,highway,1,1.49316772723,0
24372,highway,2,2.4111073106,0
24372,highway,2,0.0,0
24313,local,1,0.0878671741232,0
24313,local,1,5.09377832426,0
24313,local,1,0.161281085122,0
24313,local,2,1.11478500139,1
24313,local,1,0.0,0
24313,local,1,1.43706629084,0
24313,local,1,0.531163143559,0
24313,local,1,0.392272068904,0
23982,highway,1,3.16514835857,0
23982,highway,1,0.372093962683,0
23982,highway,1,5.83774898162,0
23982,highway,1,1.80089678733,0
23982,highway,1,6.44626125239,0
23982,highway,5,0.372093962683,1
23982,highway,1,0.269253411743,0
24328,highway,1,7.94174699418,0
24328,highway,1,13.4029616878,0
24328,highway,1,26.9197009081,0
22851,local,2,0.341395072332,1
22851,local,1,0.230081778739,0
22851,local,1,2.7188189559,0
22851,local,2,2.82851991172,1
22851,local,1,2.58349631484,0
22851,local,2,0.0412788954602,1
22851,local,1,0.591842992803,0
22851,local,1,6.76456044824,0
22851,local,1,1.54740373428,0
22851,local,1,3.19864005814,0
22851,local,1,1.65652650496,0
22851,local,1,0.453923082161,0
22851,local,1,2.40122130289,0
22851,local,1,3.52866997722,0
22851,local,2,1.18036218202,1
22851,local,3,0.183550278419,1
22851,local,1,0.0,0
23945,highway,1,3.65548538078,0
23945,highway,1,0.577172117953,0
23945,highway,3,3.66767033205,1
23945,highway,1,3.51848621467,0
23945,highway,2,0.0,0
23945,highway,2,1.78770185339,0
23945,highway,2,2.90447584468,0
24028,highway,1,4.20360916548,0
24028,highway,1,33.507705173,0
24028,highway,1,11.6501911503,0
24028,highway,2,6.55857236845,0
24028,highway,1,2.37637960925,0
24028,highway,2,20.2331350566,0
24028,highway,1,3.48998006616,0
24028,highway,1,11.1299622873,0
24028,highway,1,15.8723575283,0
24028,highway,1,8.14811827183,0
24028,highway,2,8.58957138251,0
23071,highway,7,30.97066657,0
23071,highway,7,8.91198315623,1
23071,highway,7,7.79912096181,1
24306,local,1,3.9187879273,0
24306,local,1,0.641166109794,0
24306,local,2,6.97022855455,1
24306,local,1,3.30977430359,0
24306,local,2,0.141888296682,1
24306,local,1,0.698635326861,0
24306,local,2,1.14013415839,1
24306,local,1,3.47966037583,0
24306,local,1,2.36815131458,0
24306,local,1,3.56877142643,0
24306,local,1,1.84603409511,0
24306,local,1,3.71585786526,0
24306,local,1,8.38163428255,0
24306,local,1,2.66176370213,0
24306,local,3,0.242432873603,1
24306,local,2,0.0937352192177,1
24306,local,1,0.0,0
24306,local,1,1.966216588,0
24306,local,2,0.0668643002579,1
24306,local,2,0.202716841192,1
24306,local,1,6.02280963041,0
24306,local,1,0.0,0
24306,local,1,2.3884971757,0
24306,local,2,0.0,1
23751,local,2,4.13609897411,1
23751,local,1,4.07524088736,0
24195,local,2,1.25732575773,1
24195,local,2,3.24680650764,1
24195,local,1,6.70132749082,0
24195,local,1,7.6787223131,0
24195,local,1,0.0,0
24195,local,1,0.0,0
23991,highway,1,6.20624940181,0
23991,highway,1,4.23559928467,0
23991,highway,1,1.42598028805,0
23991,highway,1,5.53918694934,0
23991,highway,1,4.25630332454,0
23991,highway,1,4.64390660966,0
23991,highway,1,1.92093717448,0
23991,highway,1,2.74014174108,0
23991,highway,1,0.274176236162,0
23991,highway,1,3.56372113367,0
23991,highway,1,3.32198425066,0
23991,highway,1,3.47702061081,0
23991,highway,1,1.14699591752,0
23991,highway,1,7.10160352155,0
23991,highway,3,0.496689593507,1
23991,highway,3,5.08825851157,1
23991,highway,2,14.5012415432,0
23991,highway,1,2.69692216717,0
23991,highway,2,5.27449066218,0
23991,highway,1,5.35205496869,0
23991,highway,3,3.25650165383,1
23991,highway,4,0.327895768955,1
23991,highway,2,1.84664915231,0
23991,highway,1,2.26071378855,0
23991,highway,1,5.23157539575,0
23991,highway,1,34.5974107322,0
24229,highway,2,1.22389941779,0
24229,highway,7,35.1021275626,0
24229,highway,1,7.74675351106,0
24229,highway,1,2.1843066107,0
24229,highway,1,1.39907455298,0
24229,highway,7,1.95025301872,1
24229,highway,1,6.54196976976,0
24229,highway,1,0.428335144481,0
24229,highway,1,2.85651308131,0
24229,highway,4,0.856670288961,1
24229,highway,3,2.10101122534,1
22953,local,7,0.220901257733,1
22953,local,2,4.13099169109,1
22953,local,1,0.196926734189,0
22953,local,2,1.36072736427,1
22111,highway,3,1.1477966762,1
22111,highway,1,1.21534453496,0
22111,highway,2,2.5023929454,0
22111,highway,1,4.43383740462,0
22111,highway,2,11.1390584364,0
22111,highway,2,12.5538298509,0
24349,highway,1,3.85280536495,0
24349,highway,2,10.7395616813,0
24349,highway,1,2.73962325247,0
24349,highway,1,15.4803464291,0
24349,highway,1,2.29569759307,0
23097,highway,1,15.4409888039,0
23735,local,1,3.36700696889,0
23735,local,2,1.79673928744,1
23735,local,1,2.31398020047,0
23735,local,1,2.67310509937,0
22850,local,1,4.09615231909,0
22850,local,1,1.43147345849,0
22850,local,1,7.87089817472,0
22850,local,1,0.0,0
22850,local,2,3.97045267683,1
22850,local,2,59.410604212,0
22189,local,1,0.556728051431,0
22189,local,1,14.5172665696,0
23892,local,2,8.78915249735,0
23892,local,1,3.55734427027,0
23892,local,1,11.1688917509,0
23892,local,1,31.1875308037,0
23892,local,1,6.40327426622,0
23892,local,1,4.51270251798,0
23892,local,1,2.0453121911,0
23892,local,1,2.26946120877,0
23892,local,1,1.8231125038,0
23892,local,1,1.57819966238,0
23892,local,1,0.873589084545,0
23892,local,1,14.0399642371,0
23892,local,1,8.83450357253,0
23892,local,1,1.55680992845,0
23892,local,2,5.02084056688,1
23892,local,1,1.20971024787,0
23892,local,1,1.50275730855,0
23892,local,2,3.86571935237,1
23892,local,1,3.11006409953,0
23892,local,1,4.57817327878,0
23892,local,2,0.65593732442,1
23892,local,2,3.51964844657,1
23892,local,1,3.48955648674,0
23892,local,1,1.11069573979,0
23892,local,2,1.81482378763,1
23892,local,1,3.22889918556,0
23892,local,1,0.810159788592,0
23892,local,1,5.91834251855,0
23892,local,3,0.95814887986,1
23892,local,1,40.6588497204,0
23892,local,1,1.06268878754,0
23892,local,3,0.40643016061,1
23723,highway,4,3.24265737725,1
23723,highway,1,9.5988775601,0
23723,highway,1,10.8383877619,0
23723,highway,1,1.24792228697,0
23723,highway,1,0.590346204045,0
23723,highway,1,18.0244861003,0
23723,highway,1,10.7747443308,0
23723,highway,1,10.5528858063,0
23749,highway,7,2.76970888503,1
23749,highway,1,0.912685175716,0
23749,highway,1,0.696692835971,0
23749,highway,1,2.9238780185,0
23749,highway,1,0.215205195904,0
23749,highway,1,0.503119807338,0
23749,highway,1,0.187510327222,0
23749,highway,1,2.70494246352,0
23749,highway,2,0.598820134871,0
23749,highway,1,0.535574913471,0
23749,highway,1,0.220489250597,0
23749,highway,2,0.210019890706,0
23749,highway,1,0.91128904653,0
23329,highway,1,6.69249532096,0
23987,highway,1,15.9414775929,0
23656,highway,1,1.85164412082,0
23656,highway,1,12.0340397214,0
23656,highway,1,6.3748195417,0
23656,highway,1,0.0783606433275,0
23656,highway,2,3.32145010328,0
23656,highway,1,2.41324723189,0
22191,local,1,3.00908249149,0
22191,local,2,2.45772702083,1
22191,local,1,3.38606915568,0
23543,local,1,2.49434289946,0
23543,local,1,5.03680101199,0
23543,local,1,2.48547697142,0
23543,local,1,1.01805310113,0
23543,local,1,0.98146264112,0
23543,local,1,1.90866328042,0
23543,local,2,0.211195373771,1
23543,local,2,3.08919289503,1
23543,local,1,2.43283173842,0
23968,local,1,3.74125303482,0
23968,local,1,0.453845021767,0
23968,local,1,0.0638054682861,0
23968,local,2,1.22702859947,1
23968,local,1,2.41522837758,0
23968,local,2,3.43407321885,1
22185,local,2,4.48265261566,1
22185,local,1,2.21392382914,0
22185,local,2,7.56709563458,1
22185,local,1,5.66711293398,0
22185,local,2,0.0,1
22520,highway,1,5.50014533597,0
22520,highway,3,7.47570917533,1
22520,highway,1,7.80493324878,0
22520,highway,2,29.6994358521,0
22520,highway,1,9.43265858084,0
22520,highway,3,3.15134879092,1
22520,highway,2,8.3337057772,0
22520,highway,1,9.60476456882,0
22520,highway,2,8.48222652617,0
22520,highway,1,14.455285208,0
22520,highway,1,15.5387115653,0
22520,highway,1,10.7448655444,0
22520,highway,1,8.68912695,0
22520,highway,2,16.8328964818,0
22520,highway,1,0.0542864683197,0
22520,highway,1,0.0217276937087,0
22520,highway,2,5.8811295355,0
22520,highway,2,9.85617788797,0
22520,highway,1,10.2606249576,0
22520,highway,2,5.00449078816,0
22520,highway,1,12.6154474515,0
22520,highway,3,6.45520220931,1
22520,highway,1,28.885043323,0
22520,highway,1,7.10819634463,0
22520,highway,1,43.6262888954,0
22520,highway,1,10.0841407389,0
22520,highway,1,11.8949914477,0
22520,highway,2,7.03498403598,0
22520,highway,2,21.8839306082,0
22520,highway,3,10.5525891249,1
22531,local,1,1.68685581136,0
22531,local,1,0.0,0
22531,local,1,0.264140731764,0
22531,local,2,1.82477062322,1
22531,local,1,907.03031361,0
22531,local,1,18.802083362,0
22531,local,1,0.573564989652,0
22531,local,1,7.2751403153,0
22531,local,1,10.0498409179,0
22531,local,2,3.15835434489,1
22531,local,1,0.204071741508,0
22531,local,1,0.153361257218,0
22531,local,1,9.40115204618,0
22531,local,3,0.42826185894,1
,local,2,3.46517908271,1
1809,local,1,4.89348119422,0
1809,local,1,2.98719957516,0
1809,local,2,1.14036091647,1
1809,local,2,1.40256195685,1
1809,local,1,3.63146551466,0
1809,local,1,0.0,0
1809,local,1,2.74909994834,0
1809,local,2,0.610722037203,1
1809,local,1,4.26598486081,0
1809,local,1,4.05017473401,0
1809,local,1,5.2050246177,0
1809,local,2,22.0823207314,0
1809,local,1,2.64372650923,0
1809,local,2,5.48145044618,1
1809,local,1,1.2993617245,0
1809,local,1,0.0,0
1809,local,1,3.19909194362,0
1809,local,2,10.9852251668,0
2037,local,1,7.2989798487,0
2037,local,1,5.41611381161,0
2037,local,1,24.9063975738,0
2037,local,1,6.71995400873,0
2037,local,1,1.75473371023,0
65116,local,1,2.15131003944,0
65116,local,1,3.65545166133,0
65116,local,1,5.16570805902,0
65116,local,2,4.38229618957,1
65116,local,1,0.384073856165,0
65116,local,1,0.377565352142,0
65116,local,1,1.29832614256,0
65116,local,2,3.36378535783,1
65116,local,1,0.220804794925,0
65116,local,2,3.13832985223,1
65116,local,1,3.53894246688,0
65116,local,1,1.32363374951,0
65116,local,2,4.79861536495,1
65116,local,1,5.55231126262,0
65116,local,2,0.496674546159,1
65116,local,1,10.5049502387,0
65116,local,1,2.89257788366,0
65116,local,1,3.49144025274,0
65116,local,2,5.27024239204,1
65116,local,2,1.06605022476,1
65116,local,1,197.991743302,0
65116,local,1,0.152911924239,0
65116,local,6,3.28030533124,1
65116,local,1,1.98356758282,0
65116,local,5,0.752854102498,1
65116,local,2,0.0,1
65116,local,2,0.171889270812,1
65116,local,2,0.027427419784,1
65116,local,2,0.142944218829,1
65116,local,2,0.0794844139719,1
65116,local,2,0.0366398798553,1
65116,local,2,0.119548587817,1
65116,local,5,4.71339304927,1
64343,highway,1,1.28923179726,0
65306,highway,1,0.0,0
65306,highway,1,318.790922731,0
65306,highway,3,3.79837778069,1
64716,highway,1,0.916921437016,0
64516,highway,1,2.48334146047,0
64516,highway,1,3.20799954826,0
64516,highway,1,0.981494145114,0
64516,highway,1,3.98525276959,0
64516,highway,2,5.89293510308,0
64343,highway,1,2.05885172073,0
64343,highway,1,2.6878494359,0
64343,highway,1,1.87824314037,0
64343,highway,3,1.89474587999,1
64343,highway,2,30.0551961676,0
64343,highway,1,1.64627951108,0
64343,highway,1,1.27801189441,0
64343,highway,2,4.23489983308,0
64343,highway,1,2.18925848941,0
64343,highway,3,5.15912922271,1
64491,local,2,7.79195904003,1
64981,local,1,9.10166695924,0
65007,local,1,1.07378316534,0
65007,local,1,1.00713179842,0
65007,local,1,44.3383226516,0
65007,local,2,4.92840785564,1
65007,local,2,0.411073935958,1
65007,local,1,0.722902691518,0
65007,local,1,0.0,0
65007,local,1,0.408788568453,0
65007,local,2,0.425655992867,1
64211,highway,3,5.40934391004,1
64211,highway,1,2.13295513995,0
64211,highway,1,0.114704685605,0
64211,highway,1,1.63243010424,0
64211,highway,1,4.02054064265,0
64211,highway,1,0.98962220911,0
64211,highway,1,0.0,0
64211,highway,1,0.752923983562,0
64211,highway,1,1.61294645749,0
64211,highway,1,0.0,0
64211,highway,1,6.9325357991,0
64211,highway,1,1.6222590787,0
64211,highway,2,10.8538749167,0
64211,highway,1,1.13711160818,0
64211,highway,1,0.440027063743,0
64211,highway,3,1.30838361507,1
64211,highway,1,2.41798600578,0
64211,highway,3,2.19963688502,1
64211,highway,1,0.2237350815,0
64211,highway,1,0.0,0
64211,highway,1,1.28504547149,0
64211,highway,3,1.88783548675,1
64211,highway,2,2.47399641365,0
64211,highway,3,8.39464139615,1
37423,highway,8,0.750322810771,1
37423,highway,1,0.684236925273,0
37423,highway,1,5.15891346843,0
37423,highway,1,6.29764503274,0
37423,highway,1,6.2681799341,0
37423,highway,1,0.263035659516,0
37423,highway,1,0.0,0
37423,highway,1,0.76947108603,0
37423,highway,1,3.44122808049,0
37423,highway,1,1.56311399449,0
37423,highway,1,0.20070508068,0
37423,highway,1,0.696761682042,0
37423,highway,1,3.17979178622,0
37423,highway,2,4.57021876729,0
37423,highway,1,2.22586492205,0
37423,highway,1,3.23230408999,0
37423,highway,1,4.24445192889,0
37423,highway,1,30.821489569,0
37423,highway,1,2.00867502357,0
37423,highway,1,0.66206562212,0
37423,highway,1,3.82012265884,0
37423,highway,1,12.4460244467,0
37423,highway,3,22.7179610611,0
37423,highway,1,6.80662701923,0
37423,highway,1,9.2319763085,0
37423,highway,1,2.05548938693,0
37303,highway,1,4.32796242799,0
37303,highway,4,11.2729473679,1
37303,highway,1,0.974562628799,0
37303,highway,1,10.3105052118,0
37303,highway,1,0.062066218929,0
37303,highway,1,10.6988374488,0
37303,highway,1,4.17742885325,0
37303,highway,2,5.99982602241,0
37303,highway,2,1.93713754115,0
37944,local,1,18.5855014299,0
37944,local,1,2.4759666894,0
37944,local,1,3.71840539101,0
37944,local,2,3.696377761,1
37944,local,1,4.98211563946,0
37944,local,1,0.0818882357174,0
37944,local,1,72.6049937399,0
38337,local,1,9.65452090072,0
37734,local,1,5.29719233623,0
37734,local,1,3.22346598004,0
37734,local,1,4.33054864053,0
37734,local,1,0.0,0
37734,local,2,0.0409788572051,1
37734,local,2,0.523601904479,1
37734,local,1,7.46237974806,0
37411,local,1,2.28623891789,0
37411,local,1,0.983139874866,0
37411,local,1,0.671318834959,0
