53 highway 1 0.0
174 highway 1 1.53915743438
635 local 1 8.98482306425
635 local 1 0.0
628 highway 1 6.2700466654
628 highway 1 0.0
628 highway 1 0.398780875197
628 highway 1 0.0
687 local 1 0.662901249855
475 highway 1 2.3329657532
475 highway 1 1.919136704
475 highway 1 3.32199289946
78 highway 1 0.0
78 highway 1 1.09725196395
78 highway 1 0.0
78 highway 1 5.76595064977
431 highway 1 0.014953442977
431 highway 1 0.00165147705008
61 local 1 2.39803880968
265 highway 1 0.0
265 highway 1 2.56439502284
265 highway 1 2.60585632629
265 highway 1 0.0
169 highway 1 2.12273824554
169 highway 1 0.762598637294
397 highway 1 3.00510778428
397 highway 1 7.54187294384
657 local 1 1.74292149732
34 highway 1 0.00743123485229
493 highway 1 2.23952705975
293 highway 1 3.21651973498
206 highway 1 16.1451725811
206 highway 1 1.49462195823
206 highway 1 0.0211374572244
206 highway 1 0.869778357179
206 highway 1 4.8132296288
494 highway 1 2.51223047496
494 highway 1 1.47736905384
494 highway 1 3.86267923603
296 highway 1 0.039627570953
10 highway 1 1.19070041618
546 highway 1 0.0
546 highway 1 0.0
546 highway 1 2.34831611599
546 highway 1 2.51337326576
325 highway 1 0.0
300 highway 1 4.35703022665
300 highway 1 0.0845655913193
300 highway 1 10.9890379951
300 highway 1 1.86796936719
300 highway 1 0.0
35 highway 1 3.28964510156
35 highway 1 2.39262723134
40 highway 1 4.94753143121
40 highway 1 0.998760538516
40 highway 1 0.0100610692018
40 highway 1 1.2671681896
40 highway 1 5.48435902038
40 highway 1 12.6392753062
693 local 1 7.01693854509
693 local 1 2.58330320259
693 local 1 2.65102533105
693 local 1 0.0743239767225
228 highway 1 6.21067663575
228 highway 1 2.49526216347
228 highway 1 2.51484627905
271 highway 1 0.0
271 highway 1 6.87843105201
271 highway 1 18.6544232077
256 highway 1 0.636883314075
414 highway 1 6.57166779802
414 highway 1 5.85654237485
414 highway 1 5.93217723892
414 highway 1 0.0
414 highway 1 5.84698127164
414 highway 1 0.0
414 highway 1 0.00406783877617
284 highway 1 10.7646918984
284 highway 1 0.00743125939987
284 highway 1 1.82156930696
544 highway 1 2.38810050955
544 highway 1 4.19566851034
544 highway 1 0.6025235
544 highway 1 0.746889465376
634 highway 1 0.0
634 highway 1 0.0225372785515
634 highway 1 7.32480016282
634 highway 1 0.0206718232544
634 highway 1 2.43516493937
634 highway 1 0.0112717436773
634 highway 1 0.0138740796227
102 highway 1 5.06355815491
314 local 1 2.77438545697
314 local 1 3.26329226495
294 highway 1 0.0
294 highway 1 0.005577760458
294 highway 1 0.0
294 highway 1 0.0650607706689
294 highway 1 6.33721728974
294 highway 1 3.75766548463
294 highway 1 6.06285679639
299 highway 1 21.1718390232
299 highway 1 1.79357913703
299 highway 1 3.54537161869
299 highway 1 0.0156670118832
299 highway 1 2.57578645958
313 highway 1 2.0846537699
505 highway 1 1.63148542331
505 highway 1 0.0384605959494
32 highway 1 0.00248626478404
32 highway 1 0.938803518096
32 highway 1 1.27470071078
32 highway 1 4.22471877986
32 highway 1 0.0669647459491
183 highway 2 3.68967058709
183 highway 1 0.0239743924529
183 highway 1 0.0450855283548
183 highway 1 0.00406887820428
486 highway 1 0.20108404586
272 others 1 3.45963080627
272 others 1 0.817430796065
89 highway 1 7.98594543353
89 highway 1 0.419877181445
89 highway 1 0.0413608055886
89 highway 1 5.42829792615
89 highway 1 0.0113070329247
89 highway 1 3.58412156782
89 highway 1 0.103759190228
89 highway 1 0.00371570033761
630 highway 1 3.03790394597
630 highway 1 0.0
630 highway 1 0.0
630 highway 1 0.0
662 local 1 3.05797569825
662 local 1 0.00743134189114
662 local 1 0.755045194838
210 local 1 0.0300342960959
210 local 1 1.95838332011
210 local 1 0.041403897792
399 highway 1 1.58675886067
399 highway 1 0.0
399 highway 1 9.70202148462
301 highway 1 0.0210411569262
84 highway 1 6.66306296823
84 highway 1 5.61244426705
84 highway 1 9.34970379854
84 highway 1 0.00329469715149
84 highway 1 0.0
84 highway 1 3.87350584214
13 highway 1 0.822115542134
13 highway 1 0.0883860584567
13 highway 1 0.00371564841023
13 highway 1 0.0040712043179
13 highway 1 0.621653108312
13 highway 1 0.0
13 highway 1 0.0493166398335
13 highway 1 3.95911075727
13 highway 1 7.84389122555
13 highway 1 0.0495413860535
13 highway 1 2.84440473648
13 highway 1 0.0359071206652
13 highway 1 15.6937881092
13 highway 1 3.67967913918
13 highway 1 0.012166924279
718 highway 1 7.61369572585
718 highway 1 4.73360362777
718 highway 1 1.73127393151
718 highway 1 2.86385310928
718 highway 1 0.211073750686
718 highway 1 3.86385052974
718 highway 1 0.190317022061
718 highway 1 0.0860341304012
718 highway 1 0.030395868248
718 highway 1 0.0794327425123
718 highway 1 0.0515242905824
718 highway 1 0.0781874497763
718 highway 1 0.00406606263657
83 highway 1 5.85642118958
83 highway 1 5.8437657291
317 highway 1 1.17755988618
317 highway 1 2.58342759206
317 highway 1 0.0
283 local 1 4.2401803149
638 highway 1 2.4523951653
638 highway 1 0.0
55 highway 1 0.00165799643597
55 highway 1 0.249001429277
408 local 1 0.00110597920864
408 local 1 0.0076169433637
408 local 1 2.92013821168
408 local 1 2.9124512602
491 highway 1 0.00406731453241
491 highway 1 0.382716631689
491 highway 1 4.38211211911
491 highway 1 4.57698718163
491 highway 1 0.0228869695618
276 highway 1 0.00166373088364
318 highway 1 0.0
518 highway 1 0.00912780995826
518 highway 1 7.03403772971
518 highway 1 2.25428859745
518 highway 1 20.5751589219
518 highway 1 5.46818501847
518 highway 1 5.56002664197
518 highway 1 6.84374096929
31 highway 1 4.57644731269
31 highway 1 7.00505687157
31 highway 1 0.00371574378448
82 highway 1 2.88229475315
82 highway 1 1.21080510224
82 highway 1 0.00371567085489
82 highway 1 5.18548541059
82 highway 1 5.32834303459
122 highway 1 15.9411401032
269 highway 1 0.0016639345827
488 local 1 0.0747951565063
18 highway 1 18.7398208139
18 highway 1 2.4436393332
18 highway 1 0.00408111202557
18 highway 1 0.0359661425969
18 highway 1 0.0
18 highway 1 1.44883072549
497 highway 1 19.0036562607
497 highway 1 2.434461379
497 highway 1 2.41515738798
497 highway 1 4.51817065674
497 highway 1 1.67872748652
497 highway 1 0.19807383226
230 highway 1 1.9294574785
671 highway 1 0.0
671 highway 1 0.0
671 highway 1 0.035675464831
679 highway 1 0.00166240327562
679 highway 1 0.00165802024084
679 highway 1 0.0380956642416
679 highway 1 4.26427019005
679 highway 1 6.70066072327
492 highway 1 1.0938542361
492 highway 1 1.27820850615
492 highway 1 0.866236902223
492 highway 1 0.0317328144761
492 highway 1 2.91712342571
492 highway 1 0.0037157438311
332 highway 1 4.18596106483
646 local 1 0.0558929591681
646 local 1 3.02215292476
646 local 1 2.54135901357
646 local 1 3.58232962121
688 local 1 0.0
148 highway 1 3.97012203535
148 highway 1 1.42296005846
323 highway 1 5.12572397914
201 highway 1 2.28366610341
201 highway 1 1.55211535403
201 highway 1 0.00372807398438
201 highway 1 3.17542474924
201 highway 1 2.36025590516
11 highway 1 0.0137196564609
11 highway 1 0.00165801385369
11 highway 1 10.5344961825
11 highway 1 0.00123854902113
277 highway 1 0.0
499 highway 1 2.37625128057
499 highway 1 3.18343714335
499 highway 1 5.23187746594
499 highway 1 0.925999329027
499 highway 1 6.53670635446
499 highway 1 0.00371548218394
499 highway 1 14.3934628328
499 highway 1 2.41021256923
499 highway 1 0.256127661408
499 highway 1 0.026810935729
499 highway 1 0.219450134803
499 highway 1 2.11922988711
712 local 1 6.88936198097
712 local 1 15.3734419097
712 local 1 2.4249826061
712 local 1 4.57479119837
712 local 1 0.00496362498108
712 local 1 2.51447194047
712 local 1 1.56988474348
1 highway 2 5.59329001888
1 highway 1 5.9846590472
1 highway 1 1.74682575133
1 highway 1 0.0
1 highway 1 4.50176809581
170 highway 1 0.648401716536
524 highway 1 9.56302361123
629 local 1 2.11297800789
69 highway 1 0.232807060236
180 highway 1 4.46981775734
180 highway 1 2.27490729297
432 highway 1 0.0
86 highway 1 0.00335369089242
21 local 1 0.0
377 highway 1 0.0420253552954
377 highway 1 1.72034287054
377 highway 1 0.609577576434
29 highway 1 0.00331264612212
29 highway 2 3.38459855086
29 highway 1 0.394446342213
29 highway 1 1.42340057937
547 highway 1 2.16877334528
547 highway 1 4.34485304355
515 highway 1 1.85118828199
515 highway 1 0.00371566687489
515 highway 1 0.0
661 local 1 0.0353864101019
490 highway 1 3.7580092649
490 highway 1 10.6920968641
490 highway 1 3.20610522142
490 highway 1 0.0
490 highway 1 2.69876613784
490 highway 1 1.79015190216
490 highway 1 0.0801248032725
490 highway 1 1.69439514746
490 highway 1 0.199172273688
490 highway 1 0.00165550363621
692 local 1 1.1886030995
692 local 1 5.72174903875
25 highway 1 3.61770384817
476 highway 1 0.247083971089
476 highway 1 4.66166545215
476 highway 1 5.40928773203
659 local 1 0.0513088471792
159 highway 1 0.23850287401
282 local 1 0.00186089919796
161 highway 1 0.0
161 highway 1 4.46706042153
161 highway 1 0.00939641679033
406 highway 1 9.11454098594
406 highway 1 0.00372808093435
406 highway 1 3.89789399914
406 highway 1 0.848731022211
406 highway 1 0.215821859981
406 highway 1 0.480488075896
695 highway 1 0.0
695 highway 1 1.95333724214
695 highway 1 7.62396574277
15 highway 1 0.0
330 highway 1 0.0186521123671
330 highway 1 2.49443778257
625 local 1 0.0226742559724
321 highway 1 5.98285340692
321 highway 1 0.00166639113019
321 highway 1 0.087348722263
321 highway 1 4.63096276042
321 highway 1 2.68646906715
321 highway 1 2.26454739921
321 highway 1 0.070598134809
321 highway 1 0.00165444770183
321 highway 1 0.433168393023
321 highway 1 4.13485424691
321 highway 1 3.82500015681
321 highway 1 6.31813161749
321 highway 1 0.00123852304377
321 highway 1 5.59989686583
321 highway 1 0.00761353224054
321 highway 1 4.20119544416
321 highway 1 0.0178729499672
321 highway 1 1.98534922986
321 highway 1 2.57449707639
137 highway 1 7.45146143741
137 highway 1 3.21195795765
137 highway 1 11.2587622299
52 local 1 1.02372237789
52 local 1 0.0076140566871
208 highway 1 1.61401821595
474 highway 1 4.10186333406
474 highway 1 3.17701162373
474 highway 1 7.5228343232
474 highway 1 0.00893803960087
474 highway 1 4.85060686528
234 highway 1 0.0
162 highway 1 6.30186954726
162 highway 1 10.5905280023
162 highway 1 1.32771609125
162 highway 1 4.82899654035
297 highway 1 0.112718098137
297 highway 1 0.000366213483561
297 highway 1 4.44948424505
297 highway 1 0.0150156558631
567 highway 1 0.0158876952448
567 highway 1 2.48964104116
28 highway 1 5.45472110985
28 highway 1 0.517506277677
28 highway 1 0.0
188 highway 1 0.0
188 highway 1 0.0
517 highway 1 0.0099673869201
517 highway 1 0.0908327477668
517 highway 1 0.0248933929869
517 highway 1 3.51199923202
517 highway 1 0.00371569402188
517 highway 1 1.23010577827
517 highway 1 0.0
517 highway 1 0.0716281824817
517 highway 1 3.38640371497
517 highway 1 1.25187003134
187 highway 1 3.82690100531
653 local 1 3.44212569825
653 local 1 0.594567281153
12 highway 1 0.0597269656717
12 highway 1 0.00406880936099
12 highway 1 2.8272947862
430 highway 1 10.6321430012
430 highway 1 3.3795339147
430 highway 1 0.0
430 highway 1 2.44751965349
430 highway 1 1.37466630121
430 highway 1 3.62601859565
235 highway 1 0.118858872965
235 highway 1 0.0
235 highway 1 3.81842875541
1450 highway 1 3.39995411372
1450 highway 1 1.23966034354
1450 highway 1 0.562715000441
1227 highway 1 1.12923970557
1227 highway 1 0.00165426124022
1475 local 1 2.77490477884
1263 others 1 0.526455612597
1293 local 1 0.0
1287 local 1 0.0356333576048
1287 local 1 0.453327732808
1287 local 1 0.0291935609587
750 highway 1 0.00166828162435
750 highway 1 5.19058534449
1491 highway 1 7.7049945276
1491 highway 1 6.46623401537
746 local 1 0.276722504471
746 local 1 5.28924737004
1140 local 1 4.86738558149
1278 local 1 4.77894471592
1230 local 1 15.5279241217
1230 local 1 3.07484684445
1230 local 1 0.0410064207487
1230 local 1 0.0631670216051
1230 local 1 0.0697683028667
1380 highway 1 0.0
1445 local 1 4.74432132929
1445 local 1 2.9880202488
1445 local 1 3.49130459444
1445 local 1 0.0
1445 local 1 2.04740213603
1445 local 1 3.20146632564
1445 local 1 0.0186518455562
1445 local 1 0.0301379465704
1445 local 1 0.0518623391418
1445 local 1 0.00203038337579
1445 local 1 0.900711534964
1445 local 1 2.97118937362
1445 local 1 2.73955464738
1445 local 2 3.52794154981
1445 local 1 0.0961502872082
1445 local 1 2.28161152395
1445 local 1 2.93568518677
1445 local 1 2.18399033964
1445 local 2 1.45621074883
1445 local 1 0.0
1445 local 1 0.00402092680035
1445 local 1 0.0
1445 local 1 2.01796857645
1445 local 1 0.0
1445 local 1 4.26500762338
1445 local 1 0.719789932011
1445 local 1 0.0
1445 local 1 0.0
1445 local 1 4.74000419165
1445 local 1 0.00813401918119
1445 local 1 13.4209876289
1445 local 1 0.298942298435
1445 local 2 2.0687128883
1445 local 1 0.0687389188429
1445 local 1 3.3516234663
1445 local 1 0.00711073102216
1445 local 1 0.00993562825955
1445 local 1 0.00164524731207
1445 local 1 0.03442247733
1445 local 1 0.0076133755352
1445 local 1 2.97391672371
1445 local 1 0.512469154216
1445 local 1 0.00165148053581
1445 local 1 2.00012103376
1445 local 1 2.22080070142
1445 local 1 1.32011265503
1445 local 1 0.0
1445 local 1 4.40523585478
1445 local 1 0.0
1445 local 1 3.15187628608
1445 local 1 4.3097118765
1445 local 1 0.0156955274244
1445 local 1 0.0194572727609
1445 local 1 5.91905641352
1445 local 1 0.0918714441724
1445 local 1 0.0160623082106
1445 local 1 0.131064902707
1445 local 1 10.3160030574
1445 local 1 0.0413348820074
1445 local 1 0.805963773975
1445 local 1 3.05607246089
1445 local 1 2.39512992427
1445 local 1 4.15828238648
1297 local 1 11.7357156342
1297 local 1 6.2573796577
1297 local 1 0.0
1297 local 1 3.40279356792
1297 local 1 8.78756265766
1295 local 1 0.0599674459831
1295 local 1 2.21096561964
1295 local 1 0.0107046442026
1295 local 1 0.267359051525
1295 local 1 8.46191091245
1295 local 1 1.42779490655
1295 local 1 0.0168021559596
1295 local 1 0.0509350461064
1295 local 1 0.0199494783902
1295 local 1 0.0158030913488
1295 local 2 0.0068243779991
1295 local 1 0.0297716286085
1295 local 1 0.0137473037422
1295 local 1 0.0485285727292
1295 local 1 0.058367806925
1300 local 1 0.0
1300 local 1 3.60794603907
1439 highway 1 0.0
895 highway 1 11.962156727
895 highway 1 0.0
1400 highway 1 3.79707800202
1400 highway 1 2.29330666824
904 highway 1 0.00167490359035
904 highway 1 2.99247293062
1088 highway 1 0.0
744 highway 1 3.0850315289
1421 highway 1 2.11160644364
1421 highway 1 7.18868507789
1421 highway 1 8.46024724575
1421 highway 1 1.38554788794
1448 highway 1 7.00671188963
1261 others 1 0.0299727885965
1261 others 1 0.0037156470634
1215 local 1 0.0
1215 local 1 0.0112686693885
1215 local 1 1.76226343987
1215 local 1 3.83927386663
1215 local 1 3.58295460784
1215 local 1 8.20473450495
1215 local 1 2.95566942407
1215 local 1 4.61269091933
1215 local 1 1.87132241735
1215 local 1 0.0
1215 local 1 0.057771023377
1215 local 1 0.0223334942714
1215 local 1 0.0599185181607
1215 local 1 0.00619211223231
1215 local 1 0.0409088201962
1215 local 1 0.0456685348565
1215 local 1 0.00406606102012
1215 local 1 0.0179544417585
1215 local 1 2401.42723526
1215 local 1 0.132059804571
1317 local 1 4.42728493542
1387 highway 1 3.0228942794
1465 highway 1 0.359660101562
1465 highway 1 4.01295671824
866 highway 1 6.41736516389
1388 others 1 0.752955077685
1272 local 1 0.0
749 highway 1 4.23348014996
749 highway 1 0.0186521025411
1308 local 1 1.92733945791
1308 local 1 0.0
1308 local 1 0.147022431764
1308 local 1 17.5201516
1315 local 1 3.56483386181
1315 local 1 0.467626748116
1315 local 1 5.48195582812
1470 highway 1 1.58821742066
1470 highway 1 5.72340839739
1484 highway 1 2.23564237018
865 highway 1 1.21549450104
865 highway 1 5.19130848592
865 highway 1 0.0
865 highway 1 1.87277185134
865 highway 1 2.20780097465
865 highway 1 21.9883826078
1023 local 1 11.9806066298
1023 local 1 17.399918261
751 highway 1 0.469526750123
751 highway 1 0.00893938196282
751 highway 1 0.0
751 highway 1 1.79860110715
1234 highway 1 5.39958813436
1167 local 1 0.0287502657352
1167 local 1 3.32961091943
1167 local 1 0.0412097165639
1167 local 1 4.79657810421
1167 local 1 4.03933656324
1167 local 1 107.523135701
1167 local 1 0.0121999184371
1167 local 1 1.81810579951
1167 local 1 0.0342266670805
1167 local 1 0.846241987805
1455 highway 1 0.00406813759457
1251 local 1 0.00761372115979
1251 local 1 0.205442698476
852 highway 1 0.0
737 highway 1 3.07646673977
737 highway 1 1.19165767817
737 highway 1 0.00164085013231
737 highway 1 0.0
737 highway 1 0.00406731453283
737 highway 1 0.00371568596675
737 highway 1 0.000826019199092
737 highway 1 2.58362282695
737 highway 1 0.270821010447
737 highway 1 2.05520911243
737 highway 1 7.92201447956
737 highway 1 0.979080609806
1223 local 1 0.305984087317
1223 local 1 0.523250222942
1223 local 1 6.1743501326
1223 local 1 6.47316516121
1223 local 1 5.87925454894
1223 local 1 0.0393672752292
1223 local 1 0.0326021428179
1223 local 1 0.415696676746
1223 local 1 0.0235001319887
1223 local 1 1.34388350154
1223 local 1 0.0158033589338
1316 local 1 3.45804600602
1316 local 1 0.0037158519868
1316 local 1 0.0
1449 highway 1 3.48553822603
1449 highway 1 0.0148627437272
1449 highway 1 1.04491414892
1314 local 1 0.0624047308646
1453 highway 1 2.20044052652
1453 highway 1 0.0749744274152
1453 highway 1 8.7562894218
1453 highway 1 6.72499702024
1453 highway 1 3.35868083056
1453 highway 1 4.4283806862
1453 highway 1 2.18981014928
1453 highway 1 4.96616957487
1453 highway 1 0.0112689397378
1301 local 1 0.0916683660512
1301 local 1 1.91344524429
1301 local 1 1.0545812889
1301 local 1 0.878210848096
1301 local 1 2.39163041345
1301 local 1 1.9508863161
1301 local 1 9.36323464937
1301 local 1 3.85594303394
1301 local 1 0.107869965068
1301 local 1 3.06611117842
1301 local 1 0.0314515053174
1301 local 1 0.02619241786
1301 local 1 0.022192882678
1301 local 1 0.0512296872397
1301 local 1 0.033312764166
1301 local 1 0.0276855532459
1301 local 1 0.0201354401143
1301 local 1 0.0262195520454
1301 local 1 0.0337689970916
1301 local 1 0.0251551892248
1454 highway 1 0.0
863 highway 1 11.8981080194
863 highway 1 0.00498230330601
863 highway 1 1.80471904704
863 highway 1 0.295399575812
1323 others 1 0.017327286402
1323 others 1 0.372539330654
1323 others 1 2.34024748125
1323 others 1 0.0302623468187
1323 others 1 2.846641707
1323 others 1 7.09872754987
1394 highway 1 4.95440479818
1342 highway 1 3.48201981563
1342 highway 1 0.0
1342 highway 1 2.72430870808
1342 highway 1 0.0232591694712
1342 highway 1 0.0
1342 highway 1 5.85608217435
1342 highway 1 13.4833495225
1342 highway 1 0.506487259945
1342 highway 1 8.69983151077
1342 highway 1 22.2709650743
1342 highway 1 0.0228413091203
1151 local 1 2.20018975145
1151 local 1 0.00371569332296
1151 local 1 0.0
1151 local 1 6.6975128661
1151 local 1 1.50655817528
1151 local 1 1.06114743924
1151 local 1 5.18971188335
1151 local 1 6.69799696188
1151 local 1 6.75599305725
1151 local 1 5.44002842885
1151 local 2 1.09877794088
1151 local 1 0.0185855665084
1151 local 1 0.14499712851
1151 local 1 0.193471214433
1151 local 1 0.0707410910565
1151 local 1 0.059543223446
1151 local 1 0.107252648189
1151 local 1 11.8625412335
1166 local 1 2.67013393512
1141 local 1 0.0562906971233
1141 local 1 0.0183452880495
1141 local 1 0.0025943632493
1141 local 1 0.00185785148884
1141 local 1 1.50757855335
1141 local 1 4.36922386297
1141 local 1 2.30324084381
1141 local 1 2.03146846653
1141 local 1 0.0193261451933
1141 local 1 0.142217794517
1141 local 1 0.00179004906098
1141 local 1 0.0204851881476
1141 local 1 0.00371570289524
1141 local 1 0.00813478025125
1141 local 1 1.74532328912
1141 local 1 0.082273889225
1141 local 1 0.0
1141 local 1 7.76082596054
1141 local 1 0.0
1141 local 1 6.15229460341
1141 local 1 0.0967355512314
1141 local 1 7.44085894244
1141 local 1 4.93706072185
1141 local 1 4.35159179114
1141 local 1 81.2090009121
1141 local 1 0.0465114053009
1141 local 1 3.10672830638
1141 local 1 7.46579370997
745 highway 1 0.00406117242494
745 highway 1 0.0
745 highway 1 0.00743143756661
745 highway 1 0.641146422597
745 highway 1 4.79180198306
745 highway 1 11.9834243047
745 highway 1 1.57767628167
745 highway 1 0.406884561271
745 highway 1 3.59648798848
745 highway 1 5.18364008905
1478 highway 1 1.29075149016
1478 highway 1 0.0
1478 highway 1 2.80741696575
1478 highway 1 15.2414837371
1478 highway 1 2.5876882524
1478 highway 1 2.49685567179
1478 highway 1 0.257974146857
1478 highway 1 1.34887334056
1478 highway 1 5.73257927397
1478 highway 1 2.71042427971
1478 highway 1 0.0
1478 highway 1 0.0
902 highway 1 0.00166828162541
902 highway 1 3.63440097703
902 highway 1 1.52417617083
902 highway 1 2.66483012678
902 highway 1 0.217380899231
902 highway 1 0.0
902 highway 1 0.0705598555169
902 highway 1 2.11217687669
902 highway 1 1.95131456089
902 highway 1 0.0122315184488
902 highway 1 6.68947108618
860 highway 1 8.16592958227
743 local 1 0.00621360721473
1306 local 1 7.4936677804
1306 local 1 0.0
851 highway 1 0.0389063050361
2990 highway 1 0.0116667083282
2990 highway 1 0.394500936663
2990 highway 1 14.1754232558
3308 highway 1 4.87542348402
3308 highway 1 0.0130075218223
3308 highway 1 0.0
1498 highway 1 0.0654171637884
1498 highway 1 4.04466975907
1498 highway 1 2.05979468379
1498 highway 1 1.60658563071
1498 highway 1 1.38518876196
1498 highway 1 0.00498041303244
3044 highway 1 3.24967175331
3044 highway 1 0.00253687914266
3044 highway 1 0.0
3044 highway 1 0.0
3044 highway 1 0.0
2873 highway 1 3.76077533469
1809 local 1 1.25988514434
1809 local 1 0.178424187135
1809 local 1 5.9487329725
1809 local 1 0.00165106675828
3025 highway 1 0.273553291352
3025 highway 1 1.26507570816
2249 local 1 0.200105743639
2249 local 1 0.00406834863277
2249 local 1 0.615975178037
2249 local 1 3.99604793043
2249 local 1 3.97720033228
2249 local 1 2.1845057971
1732 highway 1 3.00251148535
1732 highway 1 6.85239003402
1732 highway 1 3.19184746885
1732 highway 1 0.00371569384649
2961 highway 1 4.59755838306
2961 highway 1 0.980864535116
2295 highway 1 0.0
2295 highway 1 3.0606268148
2295 highway 1 7.75736473659
2801 highway 1 3.45161858446
3340 highway 1 0.0784238027905
3340 highway 1 0.0
3340 highway 1 0.0016563369982
3340 highway 1 0.0151762133656
3340 highway 1 2.91169627032
2391 highway 1 0.00932605883203
2391 highway 1 0.00165130910075
2391 highway 1 0.00943369116539
2391 highway 1 5.59028937598
2391 highway 1 1.70695473857
2478 highway 1 0.016247951153
1932 highway 1 0.0584759588111
1932 highway 1 4.43510383512
1932 highway 1 8.21957068719
1932 highway 1 3.88463882198
1932 highway 1 1.69160279199
1932 highway 1 0.000823675159586
1932 highway 1 4.61876380228
1932 highway 1 0.0353899578824
1932 highway 1 0.973588386519
1932 highway 1 0.0198305479369
1932 highway 1 0.00406789829634
1932 highway 1 4.07202951907
2780 highway 1 0.0185784291902
2809 local 1 0.00891408396306
2809 local 1 3.43364469803
2304 highway 1 0.00372812488723
2304 highway 1 0.0
2812 highway 1 5.54797949141
3145 highway 1 11.6681785018
3145 highway 1 17.5473566532
3145 highway 1 5.99263147048
2823 local 1 5.38134776728
1545 highway 1 0.0
3058 highway 1 0.0
3058 highway 1 0.00081888021115
3058 highway 1 0.0750153383071
3058 highway 1 0.0138469883076
3058 highway 1 1.66343419803
2454 highway 1 3.68499771227
2454 highway 1 0.022355686744
2454 highway 1 4.41523061222
2454 highway 1 1.74830853138
2427 highway 1 0.0
2427 highway 1 0.0308272405498
1527 highway 1 12.0427836557
1527 highway 1 7.86595620566
1527 highway 1 0.0
1527 highway 1 3.8791805541
1527 highway 1 6.93626159895
1527 highway 1 9.08384310752
1527 highway 1 9.26229526408
1527 highway 1 5.23139737177
1527 highway 1 21.727101075
1527 highway 1 0.00661809285644
2337 highway 2 0.459915179279
2337 highway 1 1.49352353159
2337 highway 1 6.20839471838
2337 highway 1 7.07413553822
2892 highway 1 2.59931948984
2892 highway 1 0.0223558126163
2892 highway 1 2.16493005017
2892 highway 1 2.09569677249
2892 highway 1 0.0
2892 highway 1 0.0
2892 highway 1 7.00914971896
3138 highway 1 1.00142868029
3138 highway 1 2.33563564981
3138 highway 1 0.0115370147949
3138 highway 1 0.0713150860031
2842 local 1 1.92675204426
2842 local 1 0.409807965703
1944 highway 1 3.0785792536
1944 highway 1 1.96293795694
3188 highway 1 0.761221982568
3188 highway 1 1.96588020656
3188 highway 1 0.0485585431522
3188 highway 1 0.0483326996912
3188 highway 1 0.0
3188 highway 1 0.0
3188 highway 1 0.00813579496226
3188 highway 1 4.90404778284
3195 highway 1 3.48620382486
3195 highway 1 5.3016343684
2305 highway 1 0.0
2305 highway 1 1.63409895298
2305 highway 1 0.416455925899
2305 highway 1 0.0
2305 highway 1 0.213932741793
2305 highway 1 7.06178983521
2305 highway 1 2.41853003589
2305 highway 1 0.0049727915933
1594 local 1 5.20519198389
1594 local 1 0.0733531593538
1594 local 1 0.0496529647175
1594 local 1 3.91030484342
1594 local 1 0.00745634747555
1594 local 1 2.73168737254
1594 local 1 2.77147081983
1594 local 1 4.14879443678
1594 local 1 0.0
1594 local 1 4.84805597768
3147 others 1 1.01967557277
2996 highway 1 107.271620662
2996 highway 1 3.29005503242
2996 highway 1 1.07690075424
1901 highway 1 0.00371568393991
2404 highway 1 3.01788198173
2356 highway 1 0.0
2172 local 1 0.614371840814
2172 local 1 1.48659445144
2172 local 1 5.97216507409
2499 highway 1 0.00648332038144
2191 highway 1 0.273852184758
2191 highway 1 6.67418540108
2191 highway 1 0.212475928411
2191 highway 1 1.28296691043
2191 highway 1 5.00661795928
2191 highway 1 17.1531291506
2191 highway 1 0.00371566937617
2840 highway 1 0.0
2840 highway 1 1.28334773593
2378 highway 1 3.08160457962
2686 highway 1 5.69273924117
2434 highway 1 0.0453626132555
1578 highway 1 0.335485959825
1578 highway 1 0.0
1578 highway 1 4.36565873041
2314 highway 1 3.80416249523
3192 highway 1 1.78055312381
3084 highway 1 6.04413259431
3084 highway 1 0.0
3084 highway 1 0.0
3084 highway 1 0.0
2890 highway 1 7.04151101464
3274 highway 1 7.23828669192
3274 highway 1 0.597075383551
1876 highway 1 1.09775640241
2855 others 1 0.0587189733978
2855 others 1 5.19019019001
3170 local 1 9.56415594422
3170 local 1 0.0279781525118
3170 local 1 4.89970117051
2940 highway 1 0.048896502192
2008 local 1 2.58035108772
2008 local 1 3.22916053153
2008 local 1 5.56985091726
3181 highway 1 1.61318253035
2980 highway 1 0.472434884321
2980 highway 1 2.2550065455
2980 highway 1 1.79232269456
2980 highway 1 1.320151775
1934 highway 1 0.0697587049323
1934 highway 1 39.9836048458
1934 highway 1 4.81295618332
1934 highway 1 6.77688633915
1934 highway 1 0.00763114032465
1934 highway 1 3.07580409054
1934 highway 1 0.00165525331697
2367 highway 1 2.25624783815
2479 highway 1 0.0223555119534
2479 highway 1 0.0122491848516
2997 highway 1 0.0
2997 highway 1 0.017315796274
2997 highway 1 2.8177349804
2997 highway 1 4.82123650341
2316 highway 1 0.0
2469 highway 1 1.71680272435
2469 highway 1 0.0112696461916
2469 highway 1 0.00496998280542
2469 highway 1 2.54356564049
2469 highway 1 2.74301859053
1926 highway 1 3.51688880548
2077 highway 1 4.5347873469
2077 highway 1 0.735971303824
3281 highway 1 0.0
3281 highway 1 0.0
3281 highway 1 3.02283982347
2445 local 1 1.29227736559
2445 local 1 0.0325129339414
2445 local 1 0.0292076538344
2445 local 1 0.0532936449881
1731 highway 1 0.0189044704484
1731 highway 1 0.00406838616849
1731 highway 1 2.60410665471
1731 highway 1 2.03928594902
1731 highway 1 2.06066184302
1731 highway 1 1.96586584564
1731 highway 1 4.55989329246
1731 highway 1 2.06866657932
1731 highway 1 4.15463222648
1731 highway 1 7.52247278237
1731 highway 1 0.0
1731 highway 1 2.50614126994
1731 highway 1 5.04431471957
1731 highway 1 9.34659523234
1731 highway 1 0.0
1731 highway 1 0.00754945558717
1731 highway 1 5.05802331368
1731 highway 1 2.5077900513
1731 highway 1 5.42718811119
1731 highway 1 1.70215604303
1731 highway 1 10.5466723641
1731 highway 1 1.75822759474
1731 highway 1 2.94779170419
1665 highway 1 4.64069193814
3183 highway 1 0.0
1568 highway 1 0.142118996859
1568 highway 1 6.50694456421
1568 highway 1 3.34196913281
1568 highway 1 7.06699961656
3169 local 1 0.000822744932307
3169 local 1 8.07674895064
3169 local 1 0.0
3169 local 1 0.0
3169 local 1 6.67025011775
3169 local 1 0.00164898236961
3169 local 1 1.3719079101
3169 local 1 0.0
3169 local 1 0.0
3169 local 1 4.19476945664
3169 local 1 0.0
3169 local 1 0.122625973795
3169 local 1 7.24561952756
3169 local 1 1.1443885692
3169 local 1 0.00743138661657
3169 local 1 0.00165551757482
3169 local 1 1.95979014622
3169 local 1 0.00268851096191
3169 local 1 0.00406731244653
1592 highway 1 0.085091860715
1592 highway 1 3.0479707334
2927 highway 1 0.00406992835592
2927 highway 1 0.00406684399916
2927 highway 1 0.164259139632
2927 highway 1 2.14175814394
2927 highway 1 2.70433544852
2927 highway 1 0.00389272931376
2927 highway 1 0.0
2927 highway 1 4.34945850982
2927 highway 1 2.12819907095
2927 highway 1 0.0
2927 highway 1 3.39866288016
2927 highway 1 1.12215919408
2927 highway 1 5.66077675011
1919 highway 1 11.8022228146
1919 highway 1 135.771069002
1685 highway 1 1.97385946648
2196 highway 1 2.46772040428
2196 highway 1 3.22060333576
1668 highway 1 0.00405457507017
1668 highway 1 0.0397601503525
1668 highway 1 16.1305185104
3344 highway 1 9.08453929731
3344 highway 1 2.63896404
3344 highway 1 0.0
3344 highway 1 0.0
3344 highway 1 1.9406784312
3344 highway 1 0.0
3344 highway 1 0.00813626843527
2261 highway 1 4.14900884247
2261 highway 1 2.83545076667
2261 highway 1 0.0
2797 highway 1 3.97129305141
2813 highway 1 1.82836094842
2575 highway 1 0.00761336531711
2575 highway 1 0.00761336589447
2482 highway 1 0.0
2546 highway 1 7.308602809
2546 highway 1 4.32931542425
2546 highway 1 2.69178875422
2546 highway 1 3.38496256024
2546 highway 1 1.82528228773
2546 highway 1 6.66046219361
2546 highway 1 2.00139627222
3312 highway 1 0.0
2662 highway 1 3.81849378521
2662 highway 1 0.404861563577
2662 highway 1 0.0448274618469
2662 highway 1 6.33599905156
2662 highway 1 2.6655927765
2662 highway 1 0.685982640984
2662 highway 1 4.73543240597
2662 highway 1 4.88416229016
1499 highway 1 1.00806449491
1995 local 1 3.93326842034
1995 local 1 0.0
1995 local 1 4.77585357161
1995 local 1 0.0708184984779
1928 local 1 0.359498666417
2156 highway 1 0.129015910059
2848 highway 1 0.00406993137056
2848 highway 1 0.000948847348829
2848 highway 1 0.0
2848 highway 1 0.0685617214388
2848 highway 1 0.0
2848 highway 1 3.75303654732
2848 highway 1 3.7980727955
2848 highway 1 12.8431025401
2848 highway 1 0.326289137769
3131 highway 1 1.4729300163
3131 highway 1 0.00661815544489
3131 highway 1 0.755881335169
3131 highway 1 3.10792750627
3131 highway 1 0.0
3131 highway 1 2.35674380885
3131 highway 1 0.00406952400373
3131 highway 1 0.0339316984813
2243 local 1 2.29637070906
2243 local 1 2.87856610451
2243 local 1 0.00166065542679
2243 local 1 2.64962346706
2243 local 1 1.27826864294
2243 local 1 0.0192302977704
1947 highway 1 4.41759989347
1947 highway 1 17.1995429055
1947 highway 1 0.067066565193
2870 local 1 1.67396943204
3324 highway 1 0.700973790561
3324 highway 1 4.73049565818
3324 highway 1 5.95127369355
3324 highway 1 5.71574794261
3324 highway 1 0.00166389281824
3324 highway 1 10.8743114258
2455 highway 1 0.168493056661
2455 highway 1 5.34712966228
2455 highway 1 0.00743148346745
2455 highway 1 3.77856927305
2339 highway 1 3.29434597365
2339 highway 1 0.00406789829591
2339 highway 1 0.0185784965488
1903 highway 1 3.29635600788
2125 highway 1 3.92379976991
3166 highway 1 1.01848251239
3166 highway 1 2.32163853735
3166 highway 1 0.0122119102158
3166 highway 1 0.0177975148917
3166 highway 1 1.38519876373
3166 highway 1 2.59363291792
3166 highway 1 7.33521002247
3166 highway 1 0.0170039731654
3166 highway 1 0.00407119478325
3166 highway 1 2.07785586218
3166 highway 1 9.98487172597
2377 highway 1 0.00616756955963
2377 highway 1 0.00406535482068
2377 highway 1 0.0448637251005
2377 highway 1 0.0112694876951
2377 highway 1 4.23963049052
2377 highway 1 0.00406685212102
1502 highway 1 0.0162741161657
1502 highway 1 2.55224107452
1502 highway 1 0.0
2699 highway 1 1.72656206051
3334 highway 1 2.74931367286
3334 highway 1 4.82749032659
3334 highway 1 8.21069168144
3334 highway 1 0.00813656915197
2589 highway 1 0.160980737847
3136 local 1 0.0151991097356
2230 highway 1 6.66006143568
2477 highway 1 0.00371573040455
2467 highway 1 3.58616838625
2850 highway 1 4.22391528856
2850 highway 1 0.118201855697
2850 highway 1 1.80144074034
3276 highway 1 2.56332631756
3276 highway 1 8.34546414482
3276 highway 1 3.78335895416
3276 highway 1 1.96411207244
3163 highway 1 0.511401184846
3163 highway 1 0.0
3163 highway 1 10.8893244596
3163 highway 1 3.57469416935
3163 highway 1 3.71212891822
3163 highway 1 3.55594091604
3163 highway 1 0.00371565383666
3163 highway 1 3.66002245692
3163 highway 1 0.0
3113 highway 1 0.0673356796315
2399 highway 1 9.53608405023
2152 highway 1 6.25404716497
2152 highway 1 3.66691808576
2152 highway 1 3.5254085292
2152 highway 1 5.12932430447
2152 highway 1 25.417482632
3173 highway 1 0.046804568337
2616 highway 1 2.72005778813
2616 highway 1 7.75723468343
2923 local 1 1.05960104617
2923 local 1 16.283674672
2983 highway 1 4.5236055682
2983 highway 1 0.0
2983 highway 1 0.0
2983 highway 1 4.52622045553
2988 highway 1 1.40467227317
2988 highway 1 7.51426802199
2988 highway 1 0.0152182401529
2847 highway 1 1.82902978812
2847 highway 1 6.13951536131
2847 highway 1 11.6540097962
2847 highway 1 0.768454316581
2847 highway 1 9.87576938939
2847 highway 1 3.86855311627
2847 highway 1 15.1446887192
2847 highway 1 1.37988220547
2847 highway 1 0.771077130897
2847 highway 1 0.016253414393
2847 highway 1 3.51376065048
2847 highway 1 0.0823589322419
2847 highway 1 0.0153380385539
2847 highway 1 0.0
1500 highway 1 0.173013851213
1500 highway 1 0.00163776042334
3120 highway 1 0.659571729643
2360 highway 1 4.97722800066
2360 highway 1 0.0609021535423
2360 highway 1 2.8538754402
2360 highway 1 0.0112696451371
2360 highway 1 2.79570160371
1904 highway 1 0.00208463474536
1904 highway 1 0.0112692458897
1730 highway 1 7.95778656917
1730 highway 1 5.21507096818
1730 highway 1 3.08268812914
1730 highway 1 8.18606464919
1730 highway 1 9.34881467003
1730 highway 1 3.35557427744
1730 highway 1 1.28497493388
1730 highway 1 7.94064142972
1730 highway 1 0.0152788647992
1730 highway 1 0.00406743516528
1730 highway 1 1.83706946807
3319 local 1 5.1246267684
1519 highway 1 3.53840110182
2852 highway 1 18.6506623168
2852 highway 1 6.88537383053
2852 highway 1 14.7761513502
2852 highway 1 2.51116200613
2852 highway 1 0.168491843248
2852 highway 1 0.0
3295 highway 1 1.61554280439
3295 highway 1 0.00406198719912
3295 highway 1 0.407401173602
3295 highway 1 0.00407310694869
2620 highway 1 3.37423425268
1569 highway 1 5.76768312645
3033 highway 1 1.99444664811
3011 highway 1 0.00163879164906
3011 highway 1 0.00812397373148
3011 highway 1 1.83783189724
3011 highway 1 0.0340003019984
3011 highway 1 2.3296030156
3011 highway 1 6.05646707817
3011 highway 1 24.1300251482
3011 highway 1 0.0
2397 highway 1 3.42542071537
2397 highway 1 5.39450422399
2889 highway 1 0.0
1991 highway 1 7.22652598037
1991 highway 1 0.315807379637
1991 highway 1 0.0334819716059
1991 highway 1 0.000823673997125
1991 highway 1 4.25847019583
1991 highway 1 0.0112726129473
1991 highway 1 8.35597787079
1991 highway 1 3.81496350271
1991 highway 1 7.80324825538
1991 highway 1 2.53157507586
1991 highway 1 1.05030868379
1991 highway 1 0.00371565479942
1991 highway 1 0.0
3347 highway 1 3.2750222101
3347 highway 1 0.0
3347 highway 1 0.0090225255337
3347 highway 1 1.76872622511
3347 highway 1 8.56639970991
2141 highway 1 6.45233093055
2141 highway 1 2.25920309795
2945 highway 1 4.36735467405
2945 highway 1 7.16395705587
2945 highway 1 0.102982367343
2619 local 1 0.0148632980666
3297 local 1 0.0157859131874
1890 highway 1 0.0
1890 highway 1 1.17539384373
1890 highway 1 0.170070108193
1890 highway 1 0.00371560954888
1890 highway 1 2.16514868369
1890 highway 1 8.93739357844
1890 highway 1 3.6396445008
1890 highway 1 0.0612897108526
2576 highway 1 3.69273565803
2576 highway 1 0.0
2576 highway 1 6.51283235876
2576 highway 1 15.0884299414
2576 highway 1 3.93313621773
2449 highway 1 0.0
2740 local 1 0.138814743132
2740 local 1 1.95468626719
2740 local 1 0.0302311738125
2411 local 1 8.9996569139
2411 local 1 0.00761293206546
2411 local 1 0.0222940154001
1702 highway 1 0.00164437473815
2313 highway 1 2.92329961255
2313 highway 1 0.0
3152 highway 1 5.07118900468
3152 highway 1 3.55701704686
3152 highway 1 2.55750310718
2092 highway 1 0.00166638881094
2894 local 1 0.0299104429277
2894 local 1 0.0
2894 local 1 0.03461997639
2597 highway 1 0.0
2376 highway 1 0.0132391110615
2791 highway 1 0.0348982397732
2791 highway 1 5.2124268142
2791 highway 1 12.8431840013
2791 highway 1 1.57971741112
2791 highway 1 13.9538204029
2406 local 1 2.44292355205
2406 local 1 0.270419855792
2406 local 1 0.837768436307
3001 highway 1 0.0
2392 highway 1 0.0559380294175
2392 highway 1 2.74709823583
2392 highway 1 10.0178963715
2849 highway 1 3.39155905991
3130 highway 1 0.00406992718847
2682 highway 1 6.25804279543
2466 highway 1 0.0
2818 highway 1 0.01126928331
2818 highway 1 10.1822954954
2818 highway 1 3.25649838229
2818 highway 1 0.0156652551712
2818 highway 1 0.0581268503444
2818 highway 1 1.4661797116
2818 highway 1 0.00185783467725
2818 highway 1 0.119006578717
2327 local 1 3.67897554614
2327 local 1 2.44867456473
2327 local 1 6.25116156797
2327 local 1 2.88226969334
2327 local 1 0.00165055763798
2327 local 1 0.00203184795865
2414 local 1 44.7869288539
2480 highway 1 0.0152273027253
3096 highway 1 3.17149974705
2188 highway 1 0.00893667449884
1989 highway 1 9.24699084918
1989 highway 1 0.116229440225
1989 highway 1 3.03063412574
3000 local 1 0.00759614506705
2836 highway 1 0.265393206545
3117 highway 1 14.1168397959
2442 highway 1 0.0
2334 local 1 0.0257023930915
1501 highway 1 5.17847007537
1501 highway 1 0.0
1501 highway 1 5.37034976166
1501 highway 1 5.73862177553
1738 highway 1 3.61878972017
1738 highway 1 4.22729555542
1738 highway 1 0.0
1738 highway 1 0.133482587638
1738 highway 1 0.0
1738 highway 1 3.49429104325
1738 highway 1 2.0552992876
1738 highway 1 9.12263180427
1738 highway 1 0.0151117521471
1738 highway 2 4.00401532705
1738 highway 1 0.669704147279
1738 highway 1 4.49817670456
1738 highway 1 1.30743944319
1738 highway 1 3.47313034797
1738 highway 1 3.23893648248
2319 highway 1 1.05063205332
2319 highway 1 1.63852639838
2319 highway 1 2.82813676802
2319 highway 1 10.4224925113
2319 highway 1 4.16335457383
2319 highway 1 3.61288715898
2319 highway 1 0.0988615045371
2319 highway 1 0.0413607945431
2319 highway 1 4.93013246495
2319 highway 1 6.90209798418
2319 highway 1 13.9304343065
2319 highway 1 21.2876851251
2319 highway 1 0.0754881047495
2319 highway 1 4.86628170513
2319 highway 1 0.522357999513
2319 highway 1 0.0199153212199
2891 highway 1 2.68271684701
2891 highway 1 1.09255207806
2891 highway 1 9.17018813424
2891 highway 1 9.69599229986
2891 highway 1 0.0166262717147
2891 highway 1 1.35909238727
2891 highway 1 7.53804288047
2891 highway 1 0.554985360699
2891 highway 1 3.28310312158
2891 highway 1 4.227959906
2832 highway 1 0.781765920608
3330 highway 1 0.000822744351175
2853 highway 1 0.0644659255092
2853 highway 1 2.53446185577
2698 highway 1 9.58618448966
1741 highway 1 0.0
1741 highway 1 0.0
1741 highway 1 0.00371572433582
2828 highway 1 1.77239703449
2828 highway 1 2.50969646336
2318 highway 1 0.00407215780291
2318 highway 1 0.0
2318 highway 1 5.29050335485
1735 highway 1 2.0253673913
1735 highway 1 0.538872365728
1735 highway 1 0.0025381955803
1735 highway 1 5.4757235454
1735 highway 1 9.61484076172
1735 highway 1 0.00371564814785
1735 highway 1 8.05544166446
1735 highway 1 2.93007975842
1735 highway 1 0.0
1735 highway 1 14.8475226635
1735 highway 1 4.31624004199
3002 highway 1 1.81994479106
3002 highway 1 3.31871615729
3002 highway 1 0.0
3142 highway 1 2.92024987704
3142 highway 1 0.593413380006
3142 highway 1 3.8694042245
3142 highway 1 12.2916556146
3142 highway 1 3.84192892466
3142 highway 1 5.07221758842
3142 highway 1 0.00389262829608
3142 highway 1 0.0185775022991
3142 highway 1 0.0
3142 highway 1 0.0
3142 highway 1 0.0210641941006
2739 local 1 5.88995663545
2078 highway 1 13.6029432754
2118 highway 1 0.0648817538932
2118 highway 1 0.00164784050018
2362 highway 1 0.107762543087
2362 highway 1 0.00406760974016
2362 highway 1 0.00406814150395
2137 local 1 2.6200230499
2137 local 1 5.65154634402
2137 local 1 9.10443709813
2137 local 1 1.26088235518
2137 local 1 2.05453154966
3057 highway 1 3.07355382645
3057 highway 1 0.595908348136
3057 highway 1 2.76800965443
2540 highway 1 0.772343448079
2540 highway 1 0.0
3154 highway 1 0.0
3305 highway 1 3.56304711624
3305 highway 1 0.0152299447294
3305 highway 1 7.33103211768
3305 highway 1 0.1310989617
3305 highway 1 9.02529979696
3305 highway 1 0.157668621521
3305 highway 1 0.0251382739978
3305 highway 1 0.0148619289111
2448 highway 1 3.05966777524
2448 highway 1 5.91203913695
2448 highway 1 3.77552568994
2448 highway 1 0.00406750900671
2448 highway 1 0.0037157114724
2448 highway 1 3.17430627089
2448 highway 1 3.22701545624
2451 highway 1 1.77831647144
2451 highway 1 2.60166908406
2451 highway 1 0.0188733774552
2451 highway 1 0.004070636278
2451 highway 1 0.00687881526944
2451 highway 1 0.120551753815
2451 highway 1 4.75228432976
2451 highway 1 1.48709506854
2451 highway 1 4.95640726978
2451 highway 1 18.604754325
2451 highway 1 0.00371564814605
2451 highway 1 3.56809401286
2451 highway 1 0.230854283127
2451 highway 1 9.40467199981
3123 highway 1 0.00406993090401
3123 highway 1 0.0685616861833
3123 highway 1 0.0
2999 local 1 0.032213527529
2999 local 1 0.00761314522522
2846 highway 1 0.0829752353353
2846 highway 1 2.04777409519
2846 highway 1 8.32498595348
2846 highway 1 0.210765920398
2142 highway 1 0.412402970886
2142 highway 1 4.58177069907
2142 highway 1 2.75844432752
2142 highway 1 3.54706640868
2142 highway 1 0.0
2142 highway 1 0.0
3100 highway 1 0.0122074950188
2506 local 1 6.20442045577
2506 local 1 2.4340656332
2506 local 1 6.26517735075
2506 local 1 0.128561476976
2506 local 1 0.0697705947463
2506 local 1 6.36110075384
2506 local 1 6.00485686899
2123 highway 1 0.00491328126898
2123 highway 1 0.0
3112 local 1 0.0855012172532
3112 local 1 0.00497484280193
3112 local 1 1.31515679206
1703 highway 1 5.05856082612
1703 highway 1 10.0459445883
1703 highway 1 2.70224308968
1703 highway 1 0.0392267510731
1885 highway 1 0.0
3338 highway 1 9.68318905989
2973 highway 1 0.00165670689537
2790 highway 1 7.13732277496
2790 highway 1 0.0149563002299
2790 highway 1 8.94502813895
2915 highway 1 0.0129998811527
2796 highway 1 8.44190835045
3189 highway 1 0.0
3189 highway 1 0.0227850367046
3189 highway 1 0.027841790258
2969 highway 1 9.61083198359
2151 highway 1 1.63303689668
2151 highway 1 0.0
2151 highway 1 1.15843149144
2151 highway 1 0.804779557673
2151 highway 1 0.0111476778852
2151 highway 1 5.94515725847
2151 highway 1 0.00761286840508
2994 highway 1 4.55890266496
2994 highway 1 6.84527855649
2994 highway 1 0.0
2500 highway 1 0.0149547258256
2453 highway 1 0.00165502204106
3151 highway 1 0.0
3151 highway 1 0.00406739048298
3151 highway 1 0.681813726299
1595 local 1 4.24305089589
1595 local 1 6.04558468836
2429 highway 1 1.31645750011
2429 highway 1 18.6303747866
2429 highway 1 11.0172880669
2429 highway 1 2.04540643858
1726 highway 1 10.840160208
1726 highway 1 2.80555227504
1726 highway 1 7.02817254862
1726 highway 1 25.2749576679
1726 highway 1 0.0
2816 highway 1 5.03728835292
2816 highway 1 0.0197512678189
2816 highway 1 13.1051125573
2816 highway 1 4.82708808007
2816 highway 1 0.776544757042
2816 highway 1 1.9665927012
2816 highway 1 1.90417389901
2816 highway 1 0.0
2816 highway 1 0.00371575637726
2816 highway 1 2.51834101052
2816 highway 1 5.47402139667
2816 highway 1 0.0426282205574
2816 highway 1 3.44286881009
2155 highway 1 1.40013977613
2155 highway 1 0.030926516897
2155 highway 1 0.0
2155 highway 1 3.64329234577
2155 highway 1 4.68002014844
2155 highway 1 0.225133898131
2155 highway 1 1.52664863487
2155 highway 1 8.67210730287
2155 highway 1 1.13642018054
2155 highway 1 0.0178661302094
2140 highway 1 4.57714267378
2140 highway 1 6.07417175272
2140 highway 1 12.3213397339
2140 highway 1 1.81193509573
2140 highway 1 4.42043552727
3269 highway 1 3.09847750136
3269 highway 1 2.42697604671
2190 highway 1 2.71941488168
2672 highway 1 7.6107034618
2672 highway 1 9.47173853491
2672 highway 1 2.46708360626
2697 highway 1 14.9187495582
2697 highway 1 2.32235042254
3027 highway 1 0.317737596495
2497 local 1 3.33149065371
1733 highway 1 2.14400225827
1733 highway 1 2.57038265023
1733 highway 1 23.4342090315
1733 highway 1 10.3432347979
1948 highway 1 0.00893666778315
1948 highway 1 2.21480790025
1948 highway 1 4.92119396544
1948 highway 1 6.52092622699
1948 highway 1 0.0121993875106
1948 highway 1 4.23797343899
3349 highway 1 0.0579503368733
3059 highway 1 0.0
3059 highway 1 0.00329334104067
3059 highway 1 2.7526559901
2294 highway 1 4.13267569647
2294 highway 1 0.0
2294 highway 1 0.00203665551342
2294 highway 1 2.2314374872
2294 highway 1 0.0
2294 highway 1 2.24163394644
2294 highway 1 0.310457835495
2359 local 1 5.07488091418
2229 highway 1 4.31897107348
2229 highway 1 0.00371569278347
2229 highway 1 0.172268602622
2229 highway 1 0.00167884806157
2921 highway 1 7.01243545681
1518 highway 1 0.319291026565
3182 highway 1 0.00893959214062
1992 highway 1 7.94409849955
1992 highway 1 3.16227627921
1992 highway 1 0.00761371686361
2426 highway 1 0.0
2426 highway 1 0.00617806443227
2426 highway 1 4.28910148273
2586 local 1 0.633659761826
3140 highway 1 5.6559737634
3140 highway 1 7.25809302099
3140 highway 1 8.94640631833
3140 highway 1 0.245600784373
3140 highway 1 0.0
3140 highway 1 0.00497522635724
3140 highway 1 0.0284732649192
3140 highway 1 0.406488173566
3140 highway 1 0.00406640514004
3140 highway 1 0.274635911345
3140 highway 1 0.0
2807 highway 1 0.0
2807 highway 1 4.15091189403
2807 highway 1 3.21458931103
2807 highway 1 2.05067935713
2807 highway 1 6.25011927009
2807 highway 1 3.72102604903
2924 highway 1 0.6318033778
2924 highway 1 0.155919502955
2924 highway 1 3.35264641121
2924 highway 1 8.66777019477
2924 highway 1 0.378979614588
2924 highway 1 3.0722576579
2924 highway 1 0.0170074328868
1507 highway 1 0.138620621713
2265 highway 1 5.18004289923
1652 highway 1 4.77274901066
1652 highway 1 3.00641427189
1652 highway 1 0.00185782352968
2169 highway 1 9.38824900572
2169 highway 1 0.0437934291764
2169 highway 1 2.08739477593
2169 highway 1 0.0518503472358
2169 highway 1 0.00407331197287
2169 highway 1 0.0
2169 highway 1 5.80982659289
2169 highway 1 5.71660067841
2169 highway 1 2.37517604065
2169 highway 1 0.0672336723133
2169 highway 1 2.45691078054
2169 highway 1 2.15076397119
2169 highway 1 0.0
2169 highway 1 0.0
2169 highway 1 0.0
2169 highway 1 3.89238098221
2878 highway 1 3.35855951553
2878 highway 1 0.0107000383062
2878 highway 1 0.888085406179
1929 highway 1 2.09479989619
1929 highway 1 0.0
1929 highway 1 0.0
2913 highway 1 3.06254824505
2457 highway 1 0.00620112654946
2457 highway 1 6.21075899474
2457 highway 1 2.04855232362
3191 highway 1 4.50789115134
3191 highway 1 4.08034270181
3191 highway 1 0.0
3191 highway 1 5.39434562823
2839 highway 1 0.128042017253
2839 highway 1 1.31276624224
2839 highway 1 0.0
2839 highway 1 0.0
3038 highway 1 1.50474459015
2742 highway 1 1.35372956984
1940 highway 1 10.6923595582
2579 highway 1 3.92301854836
2579 highway 1 3.49293422422
2579 highway 1 2.84420940548
2579 highway 1 0.00759128282662
1587 local 1 0.64405708811
1587 local 1 3.38042024249
1587 local 1 2.06566087838
1587 local 1 0.0299091931483
1587 local 1 0.0113202105897
1587 local 1 2.83105585741
1587 local 1 4.63201754563
1587 local 1 0.997750974661
1587 local 1 4.06784485089
1587 local 1 1.17792305759
1587 local 1 2.52332615411
1587 local 1 1.91280846115
1587 local 1 10.7296468638
1587 local 1 7.20031086866
1587 local 1 0.623647320921
1587 local 1 0.672031216216
1587 local 1 3.79725424919
1587 local 1 2.50557595616
1587 local 1 3.28254567186
1587 local 1 1.69375355817
1587 local 1 0.000548777833749
1587 local 1 5.12873815818
1587 local 1 3.28330998223
1587 local 1 1.09667281833
1587 local 1 4.15608208496
1587 local 1 0.929796601197
1587 local 1 0.00191645394924
1587 local 1 0.00124834560065
1587 local 1 0.0530762029522
1587 local 1 0.0398572538183
1587 local 1 4.17671114252
1587 local 1 4.61685144387
1587 local 1 2.73646884344
1587 local 1 7.05491566816
1587 local 1 0.0133660958631
2110 highway 1 2.1014691288
2110 highway 1 10.4037593703
2110 highway 1 2.19436358432
6916 highway 1 3.31559300378
6916 highway 1 1.80474606305
6820 local 1 0.0336040942124
6820 local 1 0.0308275183778
7514 highway 1 19.1942943204
7514 highway 1 12.1409500829
7514 highway 1 0.00335369204911
7514 highway 1 0.00621465151701
7514 highway 1 2.04042895247
7514 highway 1 0.0235984208528
7514 highway 1 9.72188028721
7514 highway 1 7.53104069743
7514 highway 1 5.40169696253
7514 highway 1 0.0049768753845
7514 highway 1 0.700814565584
6552 highway 1 2.70540187559
6552 highway 1 0.0429421577797
6552 highway 1 2.29770897259
6552 highway 1 0.808896220149
6552 highway 1 0.0237803411226
6552 highway 1 0.0
6552 highway 1 0.0
6718 local 1 1.15163213868
6718 local 1 4.89522918431
6718 local 1 5.63610712095
6718 local 1 4.84706941097
7292 local 1 0.0112689491583
6711 local 1 3.7848286714
6711 local 1 14.7538334643
6711 local 1 1.38347216089
6711 local 1 0.0361059875074
6833 highway 1 7.74313506511
6833 highway 1 13.169836428
6383 highway 1 0.0
6383 highway 1 0.00813905706128
7479 highway 1 6.45419959263
6716 local 1 0.312981618091
6532 highway 1 4.05087336476
6391 highway 1 4.99797479752
6391 highway 1 1.77755597239
6558 local 1 0.0576892081899
6558 local 1 1.4992378783
6558 local 1 3.58404233832
6558 local 1 4.44703475254
7247 local 1 5.65396995987
6466 highway 1 5.20485082047
6466 highway 1 2.44767139611
6466 highway 1 5.8558892051
6818 highway 1 0.00371564568322
6602 highway 1 10.2037832781
6452 highway 1 0.416260153002
6452 highway 1 1.35202834763
6452 highway 1 2.17724227505
6452 highway 1 0.0
6452 highway 1 0.00754966805552
6452 highway 1 0.0709247884192
6452 highway 1 0.0
6452 highway 1 0.0152270730664
6452 highway 1 0.0
6452 highway 1 0.0149545981427
7224 local 1 5.09354131831
7224 local 1 1.98821204614
7224 local 1 2.72856493846
7224 local 1 0.0
6376 highway 1 4.0842425544
6376 highway 1 5.06786697433
6376 highway 1 0.764177604984
6376 highway 1 3.38583671843
7357 local 1 0.216852092969
6593 highway 1 4.52654030905
6593 highway 1 0.0105260631772
6918 others 1 12.0156694629
6918 others 1 0.0259325025755
6918 others 1 0.00165812067382
6549 highway 1 2.62544862538
6549 highway 1 0.0162825409366
6549 highway 1 0.0516577655452
6549 highway 1 3.32502524589
6549 highway 1 0.353683492241
6549 highway 1 0.0040662083171
6686 local 1 2.23326556606
6686 local 1 0.0214921536377
6686 local 1 0.193562468309
6734 highway 1 3.97744388688
6734 highway 1 3.92686907724
6734 highway 1 3.52280999833
6734 highway 1 0.00330794390475
6734 highway 1 0.992236229499
6573 highway 1 3.9243427683
6573 highway 1 0.0
7266 local 1 3.81328559079
7383 local 1 1.73471302968
7383 local 1 0.156488664335
7383 local 1 0.0823367322367
7383 local 1 0.0240155660394
7383 local 1 0.0
7383 local 1 2.45782371315
6356 highway 1 8.92363577742
6356 highway 1 0.0971051731948
6356 highway 1 2.39946161629
6356 highway 1 3.040259139
6356 highway 1 0.0
6356 highway 1 0.0
6356 highway 1 0.0
6356 highway 1 7.6470717417
6965 others 1 7.89069466275
6526 highway 1 3.76030388807
6526 highway 1 13.6806011938
6622 local 1 4.26595557114
7374 local 1 0.613267593689
7374 local 1 0.871505159191
7374 local 1 9.91984193287
7374 local 1 1.23930674504
6521 local 1 2.9009471984
6521 local 1 11.0707816456
6521 local 1 2.66056671472
6521 local 1 2.33242443629
6521 local 1 13.4158262743
6521 local 1 0.0366800617136
6521 local 1 1.82031545943
6521 local 1 0.700712598112
7291 local 1 0.0872210462054
7291 local 1 2236.92306366
7291 local 1 0.0
7348 local 1 0.0268386697815
6367 highway 1 7.30040390106
6367 highway 1 0.0203406299547
6367 highway 1 2.45579777671
6367 highway 1 5.24944142652
6367 highway 1 1.16415563489
7220 local 1 2.95170824534
7220 local 1 2.25448309042
7051 highway 1 0.00334476032166
7238 local 1 3.02433231101
7238 local 1 0.0
7238 local 1 11.6266742781
7069 local 1 0.00761022573314
7069 local 1 12.1417941721
6398 highway 1 7.5170397724
6603 highway 1 1.82442533134
7332 local 1 0.0453340417108
7332 local 1 10.646939129
7332 local 1 7.30762075243
7332 local 1 5.60317740637
7332 local 1 4.8794917409
7332 local 1 2.71890102437
7332 local 1 0.00165545775579
6714 local 1 3.21469464415
6693 highway 1 10.6058428686
7509 highway 1 0.0
6747 local 1 1.04170266976
6747 local 1 4.84542384707
6535 highway 1 0.0518177778672
6535 highway 1 10.2226671188
6809 local 1 6.90389952904
6809 local 1 0.66317874173
6809 local 1 2.78873463059
6809 local 1 0.0
6809 local 1 9.6048769757
6809 local 1 0.192138291915
6809 local 1 3.79931921597
6717 local 1 2.37128570218
6592 highway 1 1.32374757468
7426 highway 1 2.27703750767
6394 highway 1 0.0149546425165
7327 local 1 0.0
7327 local 1 15.766231359
7327 local 1 4.19126222124
7327 local 1 11.7319990674
7327 local 1 0.0162649216126
7327 local 1 4.52730779745
6601 highway 1 0.00333278457857
7515 highway 1 2.53869119065
6594 highway 1 0.00406745508174
6771 highway 1 8.68675747375
6357 highway 1 2.37397424061
6357 highway 1 1.85784633587
6357 highway 1 7.71962191527
6357 highway 1 0.0340105066004
6357 highway 1 0.861811847323
6357 highway 1 0.157795662154
6357 highway 1 9.35926823399
6357 highway 1 0.0
6357 highway 1 0.680066582449
6357 highway 1 8.19585661549
6357 highway 1 6.89136070308
6357 highway 1 5.29779633363
6733 local 1 3.63042331909
7179 highway 1 5.81250393933
7179 highway 1 2.40584966209
6752 highway 1 0.0111776233611
6752 highway 1 22.4114200639
7361 local 1 6.1978893591
7361 local 1 11.7062891526
7361 local 1 0.00758591062798
6803 highway 1 0.835392115775
6743 local 1 2.56508693271
7322 highway 1 2.75814228872
7322 highway 1 1.99502573608
7322 highway 1 1.06805649495
7322 highway 1 0.00620036796521
7322 highway 1 3.75500488857
6403 local 1 2.46552221372
6462 highway 1 2.41449484165
6462 highway 1 0.00406646366255
6514 local 1 0.0348312393006
6363 highway 1 1.01196690073
6363 highway 1 2.45950397697
6363 highway 1 5.9859346985
7270 local 1 7.77041744285
7270 local 1 6.90999287113
7464 highway 1 0.00407119503664
6382 highway 1 6.04888787817
6382 highway 1 0.0
6382 highway 1 0.00813567822886
7375 local 1 4.72452391583
7375 local 1 0.121307569628
7375 local 1 0.281549863348
7375 local 1 8.76090962716
6721 highway 1 1.34133609842
6721 highway 1 4.22699689908
6721 highway 1 0.0
6721 highway 1 0.0
6721 highway 1 0.0037156992225
6721 highway 1 0.0
6721 highway 1 1.956581287
6438 highway 1 25.4063821198
6385 highway 1 0.00185786297603
6385 highway 1 0.209687801446
7087 others 1 2.01805240893
7087 others 1 0.00163879223129
6971 highway 1 2.02775325657
6971 highway 1 1.94225714689
6831 highway 1 6.19910877447
6831 highway 1 5.52515248939
6831 highway 1 0.0210200148259
6831 highway 1 4.29897181059
6831 highway 1 0.0
6831 highway 1 0.0748367344157
6583 local 1 0.00371585204134
6583 local 1 10.209745618
6795 highway 1 1.39700746874
6697 highway 1 2.47529156578
7225 local 1 0.0301398451901
7225 local 1 3.0702208253
6538 highway 1 5.15160045749
6538 highway 1 0.0170353100138
6579 highway 1 7.42997655986
6796 highway 1 9.78146459426
6796 highway 1 1.39761632565
6796 highway 1 0.0170134898938
6796 highway 1 0.0163126284936
6796 highway 1 0.0691469428215
6796 highway 1 6.53741575628
6796 highway 1 2.34517830996
6796 highway 1 0.00407546891484
6796 highway 1 0.0
6796 highway 1 5.52234700192
6796 highway 1 0.0076134284576
6537 highway 1 7.43129422278
7277 local 1 0.00371569108009
6728 local 1 0.00743162492554
6728 local 1 0.311804512855
6728 local 1 0.00813440895407
7303 local 1 5.02687141558
6467 highway 1 9.36342865945
7304 highway 1 0.0
6597 highway 1 2.48488579034
6597 highway 1 0.00995240301672
6597 highway 1 0.0
6725 highway 1 1.4846347582
6725 highway 1 0.00330105482987
6725 highway 1 0.0
6682 local 1 0.00371554109444
6550 highway 1 2.2829166034
6550 highway 1 5.36032364348
6550 highway 1 1.96743807375
6550 highway 1 6.21113209722
6455 highway 1 2.68859804172
7447 highway 1 0.0168124769982
6681 local 1 0.482702513185
6681 local 1 0.0
6681 local 1 8.47620500165
6681 local 1 0.0556843627734
6681 local 1 0.0375591501834
6386 highway 1 1.08105845433
6386 highway 1 0.762135447164
6386 highway 1 4.1801440423
6386 highway 1 0.0217652575789
6386 highway 1 7.0276373031
6386 highway 1 4.4221226557
6544 highway 1 3.68348926529
6544 highway 1 1.53603895011
6544 highway 1 2.3691494385
6544 highway 1 1.96969475232
6544 highway 1 4.86332704878
6544 highway 1 2.60860338421
6544 highway 1 0.0040695244727
6531 highway 1 0.888987848977
6551 highway 1 12.1272901173
6551 highway 1 1.69542544417
6551 highway 1 0.0
6551 highway 1 0.0344469597956
6954 highway 1 0.927028080025
6564 local 1 0.0845224064203
6720 local 1 1.50321605206
6832 highway 1 3.31588066027
6832 highway 1 4.4223705541
6684 local 1 0.3513434799
7508 highway 1 4.02702270341
6366 local 1 7.58609566966
6366 local 1 4.5996001125
6578 highway 1 1.93864387644
6578 highway 1 1.93247684226
6578 highway 1 0.0691445833577
7349 local 1 0.709180317927
7349 local 1 0.0362222940821
6464 highway 1 0.999392294971
6464 highway 1 6.16248191961
6464 highway 1 0.190489064162
6464 highway 1 0.446380640857
6464 highway 1 0.0
6464 highway 1 4.52498481013
6371 highway 1 2.70835343494
6371 highway 1 0.4652903579
6371 highway 1 15.5841680102
6364 highway 1 3.63392737339
7272 local 1 8.14990306069
7272 local 1 0.00185784486455
7272 local 1 0.00163776857595
7244 local 1 0.895940080509
7244 local 1 0.0
7244 local 1 6.54820485478
6744 highway 1 4.6787164565
6744 highway 1 0.133515210432
6744 highway 1 0.0
6744 highway 1 0.00497232670376
6744 highway 2 1.66560611066
6744 highway 1 1.79283290887
6744 highway 1 12.6424711179
6744 highway 1 4.86910268301
6744 highway 1 0.0106289983174
6744 highway 1 0.0
6744 highway 1 3.90581097517
6744 highway 1 1.58515946036
6680 local 1 8.24516089022
