53 highway 1 3.79651567122
53 highway 1 2.40067443415
53 highway 1 2.01572612524
53 highway 2 0.108480223668
53 highway 1 4.78334993359
53 highway 1 0.0
53 highway 1 0.0
53 highway 1 0.68224846067
53 highway 1 3.06334406235
458 highway 2 2.34315266881
458 highway 1 0.308595528975
532 local 1 0.110742880386
384 local 2 3.90833573318
384 local 1 2.30477658617
174 highway 1 0.476393801384
174 highway 1 0.330290727467
174 highway 2 4.58567510065
174 highway 1 12.4219409037
472 highway 1 3.18874682093
141 highway 1 19.3692625422
40 highway 1 4.94197890412
40 highway 2 18.4430959402
40 highway 1 6.46151612711
40 highway 2 3.96585110987
40 highway 1 0.750917443111
40 highway 2 0.0
40 highway 1 0.356988223085
40 highway 1 2.29172006212
40 highway 1 2.46721794365
40 highway 1 4.65379877893
40 highway 2 1.26313612925
40 highway 1 0.930507809217
40 highway 1 4.21925791701
40 highway 1 3.73553243769
40 highway 1 3.4046686016
40 highway 1 6.74627356125
40 highway 1 0.0
40 highway 1 0.910299487463
40 highway 1 1.89696817162
40 highway 1 6.4128664059
40 highway 2 3.66231374738
40 highway 1 1.44638011782
40 highway 1 2.93814420614
40 highway 1 0.459002370963
40 highway 1 0.0
40 highway 1 20.0510539994
40 highway 1 1.74137669686
40 highway 1 2.66714584628
40 highway 2 7.23067627015
40 highway 1 1.25312910459
40 highway 1 0.393192614818
40 highway 2 21.8538816312
40 highway 1 2.03458694712
40 highway 1 4.65913951322
40 highway 1 1.20535440009
40 highway 1 14.0022333522
40 highway 1 0.161260327489
40 highway 2 0.0
40 highway 2 2.6654735184
40 highway 1 1.76531543193
40 highway 1 4.94995391638
40 highway 1 18.8778595564
40 highway 5 1.16935408395
8 local 1 1.00585363339
254 highway 1 0.60150821725
254 highway 1 6.47614131013
254 highway 1 0.731904823887
254 highway 1 6.39782383518
336 local 1 0.58440936246
336 local 1 0.187250136978
336 local 1 12.1821388343
336 local 1 2.35290881044
336 local 1 3.49835755392
37 local 1 3.98824107257
37 local 1 1.73052946692
37 local 1 1.58658067253
37 local 1 6.81857939027
37 local 1 2.26083653095
37 local 1 2.99955666594
37 local 1 31.5913446122
37 local 1 3.35596087873
37 local 1 3.99909246976
37 local 2 3.63811773581
37 local 1 8.27334817272
69 highway 2 0.628854941948
69 highway 1 2.21092316541
69 highway 1 0.0
69 highway 1 4.96769938697
69 highway 2 204.341037141
69 highway 1 2.65976115605
69 highway 1 1.22196390696
69 highway 2 4.47993304489
69 highway 1 1.52475319956
69 highway 1 5.33863264922
69 highway 1 5.66357585057
69 highway 1 5.2944130041
69 highway 1 1.84141262529
410 highway 1 15.8753428257
410 highway 1 16.779122756
410 highway 1 2.13212762157
410 highway 1 13.4874396179
475 highway 1 4.83414090303
475 highway 1 0.427895498431
475 highway 3 26.7877953765
475 highway 1 5.15230956035
475 highway 1 3.46359181552
475 highway 1 158.567705638
475 highway 1 4.56606641245
475 highway 1 5.64659399951
475 highway 1 1.04258809022
475 highway 1 7.07157004488
475 highway 1 4.11332793938
475 highway 1 5.1851632995
475 highway 1 0.0
475 highway 1 28.192459245
475 highway 2 6.15273451894
475 highway 1 5.53185259237
475 highway 1 7.14048986426
475 highway 1 4.60030668299
475 highway 1 9.83945922107
306 highway 1 5.8558702241
306 highway 1 3.66778110055
306 highway 1 3.84454568086
306 highway 2 5.96023820543
365 local 1 3.28059876487
365 local 1 1.29515816666
365 local 1 0.328888381265
440 highway 1 29.9308507101
440 highway 2 1.56123551534
431 highway 1 1.43489347321
431 highway 1 1.60136786358
431 highway 1 3.17788109871
431 highway 1 27.3951836242
431 highway 1 2.82123380317
431 highway 1 6.31367105704
431 highway 1 3.26112209809
431 highway 1 9.45571442838
431 highway 1 3.15539261844
431 highway 1 8.22916717966
431 highway 1 8.57185546243
431 highway 1 0.0863825561989
431 highway 1 6.89557327877
431 highway 1 3.42849796979
431 highway 1 63.6773714231
431 highway 1 5.56587076097
431 highway 7 1.4047448147
431 highway 1 1.02253280041
431 highway 1 0.460341157008
431 highway 1 5.32810145468
431 highway 1 4.09338005523
431 highway 2 4.78728105442
431 highway 1 2.7226563086
265 highway 2 1.28015312112
265 highway 1 5.33425317217
265 highway 1 3.33127298815
265 highway 1 0.14903684927
265 highway 1 4.05765868679
265 highway 1 4.22639321701
265 highway 1 0.0
265 highway 1 12.1542525489
265 highway 1 2.11225771554
454 highway 1 0.0
454 highway 1 3.45657850797
87 highway 1 5.94554263833
87 highway 1 7.43570452033
87 highway 2 3.24427438362
87 highway 1 13.4914014283
87 highway 1 0.0
87 highway 2 1.08146307743
87 highway 1 2.65078884226
511 local 2 1.27582049641
274 highway 2 6.4132995934
274 highway 1 3.89025532731
496 highway 2 0.753886071128
496 highway 1 1.01794273699
496 highway 1 3.40366222903
496 highway 1 1.29331927269
499 highway 1 2.37579594597
499 highway 1 2.42573050876
499 highway 1 3.94422902807
499 highway 1 0.722902821204
499 highway 4 2.77141085534
499 highway 2 2.14883626049
499 highway 1 2.92113317371
499 highway 1 2.62020141491
499 highway 1 1.20119423865
499 highway 1 5.66601908078
499 highway 1 0.0
406 highway 1 3.26811432489
406 highway 1 26.8252045652
406 highway 3 1.76311454442
406 highway 1 2.0554672598
406 highway 2 3.77271356128
406 highway 1 7.4334610291
298 local 1 0.256116635913
298 local 1 0.135934237843
298 local 2 4.69709130183
298 local 2 3.87060686365
298 local 2 4.7650992144
494 highway 1 17.2158055817
494 highway 2 1.34612750334
494 highway 3 7.40279640014
494 highway 1 7.4320540176
494 highway 1 0.169892860851
494 highway 1 0.0108199133557
494 highway 1 3.02124332223
494 highway 3 0.0
494 highway 2 4.6923081315
494 highway 1 25.1745242192
494 highway 2 5.25376406689
494 highway 1 3.44435989497
494 highway 1 6.65105673387
494 highway 1 0.0551660895582
10 highway 1 1.73080378018
10 highway 2 0.388798488876
10 highway 3 251.010195606
10 highway 1 17.7746691922
10 highway 1 0.0769383961777
10 highway 4 12.4471489046
10 highway 1 13.0538929645
10 highway 1 14.2729900649
10 highway 1 6.41849039531
10 highway 1 5.82416365458
10 highway 1 2.44427159672
10 highway 1 0.21440222142
10 highway 1 4.72626957624
10 highway 1 9.86077135821
10 highway 2 5.42062252997
10 highway 1 2.91512959655
10 highway 2 13.4689783076
10 highway 1 0.0
10 highway 1 7.31423438265
10 highway 1 5.09217608087
10 highway 2 2.63294945329
10 highway 1 2.52778304981
10 highway 1 3.05087061884
10 highway 1 6.46771303628
10 highway 1 2.58481961124
10 highway 1 0.535182342299
10 highway 1 0.0
10 highway 1 6.03743718476
10 highway 1 3.23590329852
10 highway 2 1.50860470438
10 highway 2 79.7785653913
10 highway 1 1.26067415336
10 highway 2 0.0
10 highway 1 2.83428779557
10 highway 1 82.9638245562
10 highway 2 17.6560942833
10 highway 1 10.8329310046
10 highway 1 2.6057422604
238 highway 4 17.9512822043
238 highway 1 25.7705534549
238 highway 1 12.9465006882
300 highway 2 57.3438458163
300 highway 2 1.78795956397
300 highway 1 2.40963977726
300 highway 1 8.90790270972
300 highway 1 4.86843650975
300 highway 1 1.21606858506
300 highway 1 0.394798854461
300 highway 3 1.4718470244
300 highway 3 2.81845194257
300 highway 1 9.19387868808
300 highway 1 0.0
300 highway 1 13.4166816515
300 highway 1 7.51299357381
300 highway 1 0.456839699354
485 local 1 5.69152691923
485 local 2 4.2699053236
271 highway 1 0.369672319049
271 highway 1 0.572801157342
271 highway 3 3.94115702065
271 highway 1 1.29750932793
271 highway 1 1.01541394101
271 highway 1 2.88879424056
271 highway 2 3.39175885321
271 highway 1 0.669018311199
271 highway 1 7.68643777082
271 highway 1 15.2805334825
271 highway 1 1.5022170142
271 highway 2 3.02721375512
271 highway 1 0.712962170879
271 highway 1 0.0
271 highway 1 0.430685200849
271 highway 3 2.15734865212
271 highway 2 1.77436531996
271 highway 1 1.25828787658
271 highway 1 0.913065163314
271 highway 1 0.00195636841687
271 highway 1 4.058947158
271 highway 1 0.590406819007
271 highway 1 7.35395428946
271 highway 5 0.772790995035
294 highway 2 5.78799829874
294 highway 1 12.420994322
294 highway 1 1.56289964176
294 highway 1 2.71598301245
294 highway 1 181.324307849
294 highway 1 121.233220664
294 highway 1 2.56761485027
294 highway 1 65.5205123226
294 highway 1 2.3098819883
294 highway 3 4.7047973305
294 highway 1 2.78812971143
294 highway 1 2.87952449588
294 highway 1 7.66534889928
294 highway 1 0.153778626925
294 highway 1 15.3699100186
294 highway 1 7.42187144037
294 highway 1 15.6272170835
294 highway 1 7.92112900336
294 highway 2 318.834592422
294 highway 2 3.61883396981
299 highway 1 177.276877795
299 highway 1 3.14325299223
299 highway 2 4.10575672509
299 highway 1 5.4958772907
299 highway 1 9.01363136694
299 highway 1 6.3787416275
299 highway 1 19.2737353035
299 highway 1 3.97576711363
299 highway 1 2.64176174989
299 highway 1 4.295335281
299 highway 1 1.17096073821
299 highway 1 13.3908111066
299 highway 5 9.26721959203
59 local 1 3.59954162942
59 local 3 2.86972907091
59 local 1 1.66931118785
59 local 1 3.00632053861
393 local 1 3.7869154529
210 local 1 3.82304701657
210 local 1 4.21732086195
210 local 1 0.0492686818108
210 local 1 10.1346271927
210 local 1 0.850899311305
210 local 3 1.09650342411
210 local 1 0.652523244969
210 local 1 28.4701463583
210 local 1 6.3384694423
210 local 1 0.0
84 highway 2 1.14441057397
84 highway 1 1.94077546239
84 highway 1 3.51556199847
84 highway 2 0.923759974174
84 highway 1 2.14629599538
84 highway 2 0.79144601675
84 highway 1 3.94206456988
84 highway 1 3.99359908968
84 highway 3 0.338922667004
84 highway 2 0.0
13 highway 1 13.2129334076
13 highway 1 0.942046399741
13 highway 1 1.91584273982
13 highway 1 4.52523836472
13 highway 3 4.16740408813
13 highway 1 4.43907629648
13 highway 1 7.71372044629
13 highway 1 40.1407902337
13 highway 1 0.0
13 highway 3 2.75805763678
13 highway 1 14.6021497327
13 highway 1 20.7208590364
13 highway 1 8.73633391154
13 highway 1 0.183081391063
13 highway 2 1.94663724763
13 highway 1 6.19306679317
13 highway 1 2.93336249096
13 highway 1 2.8645845381
13 highway 2 30.3976322939
13 highway 2 3.90298549262
13 highway 2 1815.20016971
13 highway 1 9.05959212406
13 highway 1 0.734194559015
13 highway 2 0.0286689354641
13 highway 1 7.03031191823
13 highway 2 6.02320673554
13 highway 3 8.35106705509
13 highway 2 8.80687425542
71 local 1 7.88076430445
286 local 2 0.642409158544
286 local 1 0.541132212793
286 local 2 0.154314758755
286 local 1 3.43099603041
91 highway 1 6.807090299
491 highway 1 4.24843212316
491 highway 1 6.79505652401
491 highway 1 6.77087605856
491 highway 1 10.5341033768
491 highway 1 5.09770657444
491 highway 1 7.55770309318
491 highway 2 5.96178688094
491 highway 1 8.23071646041
491 highway 3 0.52011957575
491 highway 1 6.45269652325
491 highway 2 7.15046038861
491 highway 3 6.24142279306
491 highway 2 0.0
491 highway 1 7.3141000476
491 highway 1 6.69799668358
491 highway 1 2.9857340939
491 highway 3 0.988227193922
491 highway 1 8.80310750948
491 highway 1 8.10379857137
491 highway 2 0.991278750429
518 highway 2 7.07598338145
518 highway 1 2.08524675044
518 highway 1 2.31817908765
518 highway 1 9.64101978443
518 highway 3 5.04888972335
518 highway 2 4.08584059271
518 highway 1 8.86412859386
518 highway 2 4.0345793215
518 highway 1 4.10475583287
518 highway 1 6.92764986214
518 highway 1 6.90169667007
518 highway 1 11.0378749341
518 highway 3 13.8146066082
518 highway 1 3.10491933351
518 highway 1 6.70925903563
518 highway 2 4.76870325938
351 local 1 2.34462341696
351 local 1 0.0
351 local 2 10.8882511139
351 local 1 6.55537122194
351 local 1 1.16591074224
351 local 2 2.17426919869
351 local 1 0.593191082542
351 local 1 0.387467313182
351 local 1 0.725044353104
351 local 1 1.58939566065
351 local 1 0.75102253498
388 local 1 0.380913315978
388 local 1 2.72832449984
388 local 1 2.67647989156
388 local 1 24.3373519021
388 local 1 0.611409568559
388 local 2 0.721095497703
492 highway 1 7.92675576659
492 highway 1 3.22238433943
492 highway 1 1.27840908893
492 highway 3 8.94886362248
492 highway 1 3.9166375292
492 highway 1 0.0274379264868
492 highway 1 7.90350856898
492 highway 1 0.789221470616
492 highway 2 2.74002918484
492 highway 1 0.15443050475
492 highway 1 4.41959725362
492 highway 1 33.0229553531
492 highway 1 7.74947176389
492 highway 1 5.62966916712
492 highway 1 7.82915473504
546 highway 1 11.4265521663
546 highway 3 2.75067732208
546 highway 3 8.60916389061
546 highway 1 7.88311892379
546 highway 1 14.4487425286
546 highway 2 3.48458525104
546 highway 1 4.43182716197
546 highway 1 1.14394237779
546 highway 1 3.5061188736
37697 highway 1 2.84233391351
37697 highway 2 9.70772059991
37697 highway 1 3.7341771543
37697 highway 1 0.555293962434
37697 highway 3 0.552833476954
37697 highway 1 1.4032886891
37697 highway 2 0.47598698396
37697 highway 2 2.06294793639
37697 highway 1 1.14080534818
37697 highway 1 8.10953993289
8018 highway 2 1.08946269574
8018 highway 1 0.748802007276
8018 highway 1 0.158304371646
8018 highway 1 0.393546341074
8018 highway 1 0.520866058658
8018 highway 1 0.483031250367
8018 highway 1 0.418618382982
8018 highway 1 2.02662518915
8018 highway 1 4.44654621506
8018 highway 3 7.86617728469
8018 highway 2 0.223030241894
8018 highway 1 0.166223965209
8018 highway 1 5.81112751898
8018 highway 2 1.57035266237
8018 highway 1 3.27227287979
8018 highway 1 11.5694478932
8018 highway 2 6.66232202318
8018 highway 1 0.557019127026
18091 highway 2 2.2798385795
18091 highway 1 1.02402182555
18091 highway 1 3.85023799382
18091 highway 1 2.64137318008
18091 highway 1 10.3909886666
18091 highway 1 1.48981682987
18091 highway 1 0.984237612632
18091 highway 1 3.7159191342
18091 highway 1 9.17139500533
18091 highway 1 1.22955896878
18091 highway 1 0.0
18091 highway 2 0.0
18091 highway 1 1.01766195589
18091 highway 3 5.85923552108
18091 highway 1 11.524482245
18447 highway 3 1.59635908798
18447 highway 2 2.34983835768
18447 highway 1 4.54897574119
18447 highway 1 0.906504874648
18447 highway 1 0.494882192159
18447 highway 1 0.423904110754
18447 highway 1 0.764600882875
18447 highway 1 9.09517211939
18447 highway 1 1.37258734659
18447 highway 2 0.332589542696
18447 highway 1 0.716935422033
18447 highway 1 1.23954640185
18448 local 2 0.372699136142
18448 local 3 0.306623205672
18448 local 1 15.3468989557
18448 local 1 1.33803239931
18448 local 1 0.495689632255
18448 local 1 2.38593313117
18448 local 1 0.999864490642
18448 local 1 1.49593638018
18448 local 2 0.181855639892
18448 local 1 0.918940329649
18448 local 1 0.105106696714
18448 local 1 0.0
18448 local 1 0.174493251221
18448 local 1 3.22352875384
18448 local 1 3.71273148223
18448 local 3 0.299420622472
18448 local 1 1.15137426841
18448 local 1 1.66548917681
18448 local 1 1.55712157921
18448 local 2 5.81838713492
18448 local 1 2.91614465184
18448 local 2 17.1944055177
18448 local 1 0.0942779675158
18448 local 1 2.08674011636
18448 local 1 1.72384926225
18448 local 1 3.8270660581
18448 local 1 3.45945286452
18448 local 1 2.34261718671
18448 local 1 0.979633712056
18448 local 2 4.24754238214
18448 local 2 0.623463402838
18448 local 1 0.945218073203
18448 local 1 0.105474290941
18448 local 1 0.0419188563587
18448 local 1 1.77167959077
18448 local 2 1.52640683146
20691 local 1 10.330041487
20691 local 1 0.720014893558
20691 local 1 0.0
20691 local 1 3.03336481444
20691 local 2 7.25322500255
20691 local 1 0.146114710539
20691 local 1 3.26051477052
20964 local 1 4.08013125774
20956 highway 1 0.663000578564
20956 highway 1 2.57136950534
20956 highway 1 2.58393491408
20956 highway 2 0.621224744206
20956 highway 2 2.84915835825
20956 highway 1 0.657777963322
20956 highway 3 2.59254803046
20956 highway 1 3.42108545593
20956 highway 2 0.812417992722
20956 highway 1 5.23545241242
20956 highway 1 0.0
20956 highway 1 1.44909982139
20956 highway 1 2.07957176933
20956 highway 3 0.770504145571
20956 highway 2 3.09037215798
20956 highway 1 0.321770648646
20956 highway 1 1.46087806939
20956 highway 1 3.13363929792
20956 highway 1 1.88194567774
20956 highway 1 2.57447257151
20956 highway 1 1.25963603207
20956 highway 1 3.39595119063
21578 local 1 0.878216809692
21578 local 1 1.09047555772
21578 local 1 8.1843514425
21578 local 1 0.557579537221
21578 local 1 1.66094192238
21578 local 1 0.89961903949
21578 local 2 3.06281822434
21578 local 2 7.50802614708
21578 local 2 1.03299066043
21578 local 1 4.96670257581
21578 local 1 1.68947132081
21578 local 1 0.0
21578 local 1 1.02872245287
21578 local 1 0.74549419622
20930 highway 1 0.0833019524648
21325 highway 1 1.49901208966
21325 highway 1 88.7675720077
21325 highway 1 4.50892217121
21325 highway 3 1.66795928904
21325 highway 1 0.404006145621
21325 highway 2 2.60425646288
21325 highway 1 0.781348164633
21325 highway 3 0.810733146241
21325 highway 1 0.189974221526
21325 highway 1 1.23131697136
21325 highway 2 4.31050541365
21325 highway 1 1.28914006655
21325 highway 2 5.39200165196
21325 highway 2 3.58443603259
21325 highway 2 3.89788419389
21325 highway 1 3.50005926084
21325 highway 1 2.78828400359
21325 highway 1 8.43198691423
21325 highway 1 2.83008926558
21325 highway 3 4.97965713216
21325 highway 1 0.904886296969
21325 highway 1 0.348283640994
20928 highway 1 10.1566078794
20928 highway 1 10.1061697185
20928 highway 1 0.0
20928 highway 2 12.1076989254
20928 highway 1 8.50684906393
20928 highway 2 4.90104013328
20928 highway 3 40.3127142684
20928 highway 2 19.119662757
20928 highway 1 2.93004400165
20928 highway 1 1.06584087731
20928 highway 1 18.638864038
21868 highway 1 0.232759598244
21868 highway 7 3.76336066687
21868 highway 1 2.83058706053
21706 others 1 0.0
21706 others 1 31.3673255348
21706 others 1 8.39528680202
21079 highway 1 4.1062654422
21079 highway 1 1.58059147489
21079 highway 1 2.88155407677
21079 highway 1 2.01685355334
21079 highway 3 3.2782520858
21079 highway 1 2.2126744482
21079 highway 1 4.07199517108
21079 highway 3 0.258108465957
21079 highway 1 1.54402341619
21079 highway 1 0.0
21079 highway 1 1.4074989812
21079 highway 1 0.409691219807
21079 highway 1 0.343221868905
21079 highway 1 13.4627309138
21079 highway 3 0.386355240623
21079 highway 1 94.2635442246
21079 highway 2 1.00864014749
21733 highway 1 3.14693184498
21733 highway 1 2.11442759614
21733 highway 1 0.768290747521
21733 highway 1 0.976287187934
21733 highway 3 0.784954726327
21733 highway 1 2.00422940451
21733 highway 1 89.5891366892
20876 local 1 5.14181525741
20876 local 1 1.2811474735
20876 local 1 0.426638400889
20876 local 1 1.3484023751
20876 local 1 0.696944567106
20876 local 2 2.94558171837
20876 local 1 1.28564899072
20876 local 1 0.268946660099
20876 local 1 3.28067791318
20876 local 1 9.28297957324
20876 local 1 1.30316583007
20876 local 1 2.61830638595
21072 highway 2 2.47789832165
21072 highway 3 2.98535858635
21072 highway 1 70.3664802446
21072 highway 1 2.02900288899
21072 highway 2 1.991092995
21072 highway 1 2.07787678167
21072 highway 2 206.724309313
21072 highway 2 0.0
21072 highway 1 0.0248764650548
21072 highway 2 3.86217558188
21072 highway 1 8.92455942106
21072 highway 2 4.0388465094
21072 highway 1 5.59580069715
21072 highway 1 2.37996917205
21072 highway 1 4.5377089159
21072 highway 1 1.75089467761
21072 highway 1 0.507170196086
21072 highway 1 3.1447624791
21072 highway 3 1.6586818992
21184 local 2 3.8931971437
21911 highway 1 2.05558175871
21911 highway 1 6.68305417107
21911 highway 1 3.33601732462
21911 highway 1 1.25851946671
21911 highway 1 0.618124185861
21911 highway 3 1.24036919963
21911 highway 1 1.35100384529
21911 highway 1 7.9691467464
21911 highway 1 1.65605986748
21911 highway 2 4.77348485622
21047 local 1 0.800170726933
21047 local 1 1.13274239671
21047 local 1 0.933852020619
21047 local 1 1.27699910583
21047 local 2 2.22021116119
21047 local 1 0.633290947551
21047 local 1 0.301119028818
21047 local 1 3.60262358261
21047 local 1 0.702871700722
21047 local 1 0.506263990571
21047 local 1 1.60115543996
21047 local 1 2.20084253238
21047 local 1 3.29659691465
21047 local 1 28.5001982405
21047 local 1 2.56339881397
21851 highway 1 1.52068581274
21851 highway 1 1.5444900693
21851 highway 2 4.61973355612
21851 highway 2 2.57054690307
21851 highway 1 3.50094203577
21851 highway 1 1.99515094073
21851 highway 1 10.3094517223
21851 highway 1 1.63279430267
21851 highway 1 2.88599039704
21851 highway 2 3.28865106093
21851 highway 1 2.61341993091
21851 highway 2 2.93628667508
21851 highway 3 2.00720676718
21851 highway 1 2.50745097887
21851 highway 1 5.95519248936
21851 highway 3 3.65223515709
20994 highway 2 14.2045708837
20994 highway 7 9.48660838722
20994 highway 1 23.8467355767
20994 highway 1 0.85015542149
20994 highway 1 0.84321073936
20994 highway 1 21.3171039164
20994 highway 1 4.77469778201
20994 highway 1 73.5632811706
20994 highway 1 49.3981742359
20994 highway 1 38.6590316957
20994 highway 1 2.26432744109
20994 highway 1 3.8252794613
20994 highway 1 6.14952570919
20994 highway 1 21.2129957446
20994 highway 1 4.41305730361
20994 highway 1 0.0
20994 highway 2 4.05870920484
20994 highway 1 66.9495684954
20994 highway 1 7.7503495257
20994 highway 1 8.53435439925
20994 highway 1 7.69654479117
20994 highway 1 11.4668959888
20994 highway 3 13.4348973049
20994 highway 3 10.6960557184
21491 highway 1 0.266451017756
21491 highway 2 11.2338891313
21491 highway 1 2.77703432491
21491 highway 1 0.111979098272
21491 highway 1 1.70224972704
21491 highway 1 378.167631963
21491 highway 1 1.5899085994
21491 highway 3 4.75388221687
21491 highway 2 0.115493521323
21491 highway 1 0.0664762885918
21491 highway 1 0.913127473275
21491 highway 2 13.0038583373
21491 highway 1 2.28877648633
21491 highway 1 0.778948447563
21491 highway 3 2.145724619
21491 highway 2 0.988192023438
21491 highway 1 25.9194944524
21491 highway 3 5.68023340823
20805 local 1 2.29383029018
20805 local 1 3.1514140774
20805 local 2 1.91342425066
20805 local 1 1.23458613769
20805 local 1 0.896505110644
20805 local 1 0.017694587334
21605 highway 1 8.02977189614
21605 highway 1 4.44627320407
21605 highway 2 3.05702850634
21605 highway 1 1.02364729341
21605 highway 1 6.51081245238
21605 highway 2 28.7782067763
21605 highway 1 0.412846671776
21605 highway 1 2.66900538513
21605 highway 3 1.6115995625
21605 highway 1 0.0
21605 highway 2 4.74782018338
21605 highway 1 3.05461000599
21605 highway 1 1.46743979214
21504 highway 1 18.0307172785
21504 highway 2 0.699566425489
21504 highway 1 0.0984210438728
21504 highway 1 0.196719487707
21504 highway 2 27.7350805561
21504 highway 1 8.01061507211
21504 highway 1 2.62294948713
21504 highway 1 3.8005120907
21504 highway 1 27.6846139265
21504 highway 1 6.11546065881
21504 highway 2 0.15881988882
21504 highway 1 0.43997628515
21504 highway 2 0.80387864563
21504 highway 1 6.24424032131
21504 highway 1 4.89764186997
21504 highway 1 1.44452753579
21504 highway 1 6.40405258816
21504 highway 1 1.10529171972
21504 highway 1 0.303073448437
21504 highway 1 24.214587448
21504 highway 1 10.9692066575
21504 highway 1 9.54813119845
21504 highway 1 14.8884898452
21504 highway 1 1.95931340293
21504 highway 2 2.53155185838
21555 highway 2 1.40747706123
21555 highway 2 0.467643826268
21555 highway 1 0.8378327089
21555 highway 1 2.50461624716
21555 highway 1 0.0
21555 highway 1 6.95258141796
21555 highway 1 5.64206107424
21555 highway 2 1.39028817908
21555 highway 3 10.5822292653
21555 highway 1 2.65200770284
21555 highway 1 8.26175721977
21004 highway 1 3.03152964067
21004 highway 1 0.0
21004 highway 1 5.6522319859
21004 highway 1 5.97105947308
21004 highway 1 2.59732019908
21004 highway 1 161.853602523
21004 highway 1 0.15284016394
21004 highway 1 4.49021711596
21004 highway 1 0.658798138046
21004 highway 2 2.18223605065
21004 highway 2 19.3911402749
20931 highway 1 10.2042300153
20931 highway 1 2.04280854267
20931 highway 2 3.65301249077
20931 highway 1 8.45046040594
20931 highway 1 8.156439099
20931 highway 1 5.33629239105
20931 highway 1 177.018474886
20931 highway 1 3.7080649074
20931 highway 2 5.27653414586
20931 highway 2 8.16695796051
20931 highway 1 4.14763632935
20931 highway 1 2.87101323305
20931 highway 1 11.0497239979
21395 highway 1 6.98242838848
21395 highway 4 2.55596722575
21395 highway 1 6.16985614184
21395 highway 1 1.6322977092
21004 highway 1 8.15456150054
21650 local 1 0.13244439874
21650 local 1 10.9528580064
21650 local 1 1.31175935613
20931 highway 1 1.77300176204
20931 highway 1 5.31060884641
21395 highway 3 1.57236804609
21395 highway 1 0.196972385253
21395 highway 1 2.45044562746
21395 highway 2 13.3151576427
21395 highway 1 4.52576489278
21395 highway 1 1.43427204484
21395 highway 1 6.45021381554
21395 highway 1 9.48394554963
21395 highway 1 19.901963129
21395 highway 3 4.60319740213
21395 highway 1 3.61640389787
21395 highway 1 0.0823123122805
21395 highway 2 3.93781629391
21395 highway 1 0.0626118867809
21395 highway 1 5.63387502383
21395 highway 1 0.215399581441
21395 highway 1 0.0
21395 highway 1 16.5576017474
21395 highway 8 4.60708739456
21395 highway 1 4.13007624761
21395 highway 1 0.94754892782
21395 highway 1 0.0
21395 highway 1 0.287913741931
21395 highway 1 3.81930497045
21395 highway 1 0.016170079224
21395 highway 1 4.37115020697
21395 highway 1 0.013312994463
21395 highway 1 0.00211302684019
21395 highway 1 0.119727847079
21395 highway 3 4.0684807961
21395 highway 2 5.83242422332
21395 highway 1 4.35659831192
21395 highway 3 0.3570733446
21395 highway 1 0.265834452339
21395 highway 1 0.0791129298328
21395 highway 2 21.6401394313
21395 highway 1 4.16396833718
21395 highway 1 1.80474863605
21395 highway 1 6.61850947174
21395 highway 2 4.82212091357
21395 highway 1 4.56631965349
21395 highway 2 6.79837758956
21395 highway 1 0.24717041753
21395 highway 1 1.52097351411
21395 highway 2 3.57221795065
21395 highway 1 0.0699855358976
21395 highway 1 3.76909840382
21395 highway 2 0.601379304769
21395 highway 1 5.00748863763
21395 highway 2 80.4079642182
21395 highway 1 0.942855502269
21395 highway 2 1.51551751597
21395 highway 1 1.70345749661
21395 highway 1 0.195683727336
21395 highway 1 54.1637174453
21395 highway 3 2.70371327856
21395 highway 1 2.79127316588
21395 highway 1 4.21710354061
21568 highway 1 0.862529656562
21568 highway 1 1.47010670475
21568 highway 7 2.6749637073
21568 highway 1 1.58654467084
21568 highway 1 4.96491352281
21568 highway 1 5.02671529053
21568 highway 1 5.02671529053
21568 highway 1 0.950296867829
21568 highway 1 0.779938056674
21568 highway 1 0.0
21568 highway 1 1.19461180188
21568 highway 1 0.12829476145
21568 highway 1 0.855165626014
21568 highway 1 1.38734573234
21568 highway 1 0.386006719771
21568 highway 3 1.05486477296
21568 highway 2 0.656622045324
21568 highway 1 0.62367812941
21568 highway 1 1.25116284835
21568 highway 1 1.58546251671
21568 highway 1 3.8600927186
21568 highway 1 1.0164624314
21568 highway 1 2.38166014336
21568 highway 1 7.87299272518
21568 highway 1 1.08511210345
21568 highway 1 0.0
21568 highway 1 1.50204288664
21568 highway 1 1.95715172245
21568 highway 1 0.713683522658
21568 highway 1 0.0
21568 highway 1 1.81698053429
21568 highway 2 3.95566970145
21058 highway 2 0.12199121535
21797 highway 1 6.86445848989
21797 highway 1 92.4659906466
21220 highway 1 0.342712261354
21220 highway 1 9.39784503734
21220 highway 4 0.670995394969
21220 highway 2 2.47933271107
21220 highway 1 0.022558197513
21220 highway 2 7.81754758761
21220 highway 1 2.92123073369
21220 highway 3 5.1883636868
21220 highway 2 6.29617671346
21220 highway 1 2.61298554875
21220 highway 1 7.88517739396
21220 highway 2 6.83041838994
21220 highway 1 4.87928104502
21220 highway 1 0.468765175915
21220 highway 1 3.77103348679
21220 highway 1 1.6934657041
21220 highway 1 0.900615302627
21220 highway 1 2.2710072323
21220 highway 2 0.147644776244
21220 highway 1 0.0
21220 highway 1 0.518649160906
21220 highway 1 3.53770733589
21220 highway 2 0.564130350123
21220 highway 2 15.6509519854
21220 highway 2 3.97593062014
21220 highway 3 6.74254047152
21220 highway 2 4.21497549269
21220 highway 1 8.91403555206
21220 highway 2 25.3897217055
21220 highway 1 0.0466959322797
21220 highway 1 6.41486523242
21220 highway 1 6.95965975474
21220 highway 1 3.80501211159
21220 highway 1 13.8250726664
21220 highway 1 0.309354573102
21220 highway 3 4.68947114839
21220 highway 2 1.4752232392
21220 highway 3 0.299535946602
21220 highway 1 4.89245180265
21220 highway 1 1.92515635648
21220 highway 1 4.86335716587
21220 highway 2 11.0752677221
21220 highway 1 0.0
21220 highway 1 1.68247830423
21220 highway 1 6.37624540728
21220 highway 1 1.230790899
21220 highway 1 1.27958784543
21220 highway 1 3.65932797852
21220 highway 2 7.48566341157
21220 highway 2 7.00202947203
21220 highway 1 3.49592722974
21220 highway 1 1.74407985871
21220 highway 1 7.08750875431
21220 highway 2 4.59772642849
21220 highway 2 0.824301145153
21220 highway 3 1.76956020813
21391 highway 1 1.57598670327
21391 highway 4 1.87995340149
21391 highway 2 3.03236653553
21391 highway 1 0.570775585476
21391 highway 1 22.7584369325
21391 highway 1 3.70143803826
21391 highway 1 0.970928849559
21391 highway 1 3.26028300659
21391 highway 1 2.05561983878
21391 highway 2 4.85188610209
21391 highway 1 2.3342750147
21391 highway 3 3.45168619563
21391 highway 4 16.6705527436
21391 highway 1 0.907671594425
21391 highway 1 3.63559354944
21833 local 2 0.529587304239
21833 local 1 3.26330941206
21833 local 1 10.6319276531
21833 local 1 0.84578744856
21833 local 1 0.0970780831171
21833 local 1 0.930792051192
21833 local 1 2.50369618101
21833 local 1 4.59670389566
21833 local 2 0.160011610208
20623 highway 1 5.71856977885
20623 highway 1 8.3762168831
20623 highway 2 3.81187008822
20623 highway 1 6.04876555451
20623 highway 1 4.17292583955
20623 highway 1 2.6617607199
21033 highway 1 17.6996688707
21033 highway 1 18.0869477621
21033 highway 2 44.0009324483
21033 highway 1 6.79679130208
21033 highway 1 12.6061379074
21033 highway 1 24.5142274415
21033 highway 1 4.8600103826
21033 highway 3 8.43387441213
21331 local 2 11.5159382024
20942 local 1 2.73158329855
20942 local 2 0.22044509658
20942 local 2 0.0937105601411
20942 local 2 0.661806818935
20942 local 2 0.593289166292
20942 local 2 0.149785721411
20942 local 2 1.26898214644
20580 local 1 9.12388614369
20580 local 1 5.24344969639
20580 local 1 4.71839961955
20580 local 1 9.13644182321
20580 local 1 4.54173746912
20580 local 1 4.23366415373
20580 local 1 138.970342475
20580 local 1 2.74392376995
20580 local 1 5.32296394155
20580 local 1 1.50901546718
20580 local 1 5.96130206873
21249 highway 1 4.8163356631
21249 highway 2 4.46009360799
21249 highway 2 2.54230205446
21249 highway 1 0.0
21249 highway 1 1.24060877213
21249 highway 1 1.00407380358
21249 highway 3 0.780528482838
21249 highway 1 26.058224978
21249 highway 1 3.3561037501
21249 highway 1 3.65345664446
21249 highway 1 1.06135547374
21249 highway 1 2.66357891545
21401 local 1 2.54978476915
21401 local 1 3.46922304827
21401 local 1 3.07921937653
21401 local 1 1.5987113993
21401 local 1 93.8622521535
21401 local 1 10.6792432773
21401 local 1 2.38337943325
21401 local 1 0.0
21401 local 1 4.97705460327
21401 local 1 24.3934416818
21401 local 1 2.80128095632
21401 local 2 0.0
21401 local 1 2.2038676414
21401 local 1 78.9042071833
21401 local 1 3.97220331735
21401 local 1 5.98225013464
21401 local 1 12.0275084366
21401 local 2 1.70078657691
21463 local 2 7.03791068826
21463 local 1 206.222702052
21463 local 1 8.05919842383
21463 local 1 2.42647514785
21463 local 2 9.91976592363
21712 highway 1 0.000614807702177
21712 highway 1 0.322205714174
21067 highway 1 0.911064309624
21067 highway 1 5.76175363696
21067 highway 1 1.35163897842
21872 local 1 2.17574429635
20585 local 1 1.65370080013
20585 local 1 3.72286232015
20585 local 1 2.50171966666
20585 local 1 2.50171966666
20585 local 2 36.9172246462
20585 local 1 2.50456720974
20585 local 1 1.73164967312
21772 highway 1 2.5818307961
21772 highway 1 2.24423462604
21772 highway 1 3.04935831665
21772 highway 1 0.0
21772 highway 1 1.13565335388
21772 highway 3 3.20215922
21772 highway 1 4.64350148171
21772 highway 1 4.01647031555
21772 highway 3 9.72980572022
21772 highway 1 1.3050095663
21772 highway 1 6.30976086424
21772 highway 1 0.0
21772 highway 1 37.0418365553
21377 highway 3 3.57719877285
21377 highway 2 3.82042488009
21377 highway 1 0.0
21377 highway 2 0.80356655611
21377 highway 3 5.43196052817
21377 highway 1 9.31622816296
21377 highway 1 3.65596028645
21377 highway 1 2.59247569814
21377 highway 1 5.63580103596
21377 highway 2 2.58995349155
21377 highway 1 6.47133219974
21377 highway 1 8.77936999356
21377 highway 1 0.0
21377 highway 4 0.0
21377 highway 1 3.65085451034
21088 highway 1 4.87001048819
21088 highway 1 0.585700950036
21088 highway 3 1.57046074267
21088 highway 1 16.9519942024
21088 highway 1 4.14191107346
21088 highway 2 14.027901891
21088 highway 1 107.969426251
21088 highway 1 25.8278662529
20933 highway 1 1.06127972552
20933 highway 1 1.7993628338
20933 highway 3 12.1390510838
20933 highway 1 3.3868211291
20933 highway 1 44.5965084702
20933 highway 1 0.0
20933 highway 1 2.52441265971
20933 highway 1 2.22887838108
20933 highway 1 3.98687023655
20933 highway 1 1.43036969837
20933 highway 1 0.260433019259
20933 highway 1 2.29879906336
20933 highway 2 0.510551114424
20933 highway 1 4.89124939329
20933 highway 2 3.83963723812
20933 highway 1 14.5943324127
20933 highway 1 3.69716282466
20933 highway 2 1.7839939141
20933 highway 1 0.41096739483
20933 highway 1 2.94170503508
20933 highway 1 2.57785718113
20933 highway 3 3.61454115603
20933 highway 2 0.621531413995
20933 highway 1 0.714255867234
20933 highway 1 6.31662348216
20933 highway 1 1.96137821303
20933 highway 1 4.5718804555
20933 highway 1 0.0
20933 highway 1 1.4113826879
20933 highway 1 0.353955016124
20933 highway 3 4.73735790595
20933 highway 3 9.63177755793
20933 highway 1 0.334960340296
20933 highway 1 1.98866370919
20933 highway 1 0.94107245869
21450 highway 1 16.9213202397
21242 highway 1 2.51514486613
21242 highway 3 8.15661930097
21242 highway 1 1.30770999223
21242 highway 1 1.29063189291
21242 highway 2 7.35021787616
21242 highway 2 3.18751355346
21577 local 1 2.62307240771
21577 local 2 1.4234752421
21577 local 1 10.8718376817
21577 local 1 0.384829182484
21577 local 1 1.75478648009
21577 local 2 4.05029810647
21577 local 1 0.541428821714
21577 local 1 0.819971565228
20748 highway 1 4.52190054514
20748 highway 1 11.1917267301
20748 highway 2 3.12275354709
20748 highway 1 4.22654489226
20748 highway 1 8.00944580489
20748 highway 1 4.9749660052
20748 highway 2 6.54758073837
20748 highway 1 3.07449484418
20748 highway 3 6.72582160089
20748 highway 1 4.91031758357
20748 highway 1 0.466222418939
20748 highway 1 4.7451161023
21572 local 1 7.12341319315
21572 local 2 6.83733903244
21572 local 1 14.1350840959
21572 local 1 0.387283592504
21572 local 2 44.0182600332
21572 local 1 0.0661474823751
21572 local 1 0.783921727125
21572 local 1 1.24671156142
21572 local 1 1.39857344242
21572 local 1 3.13121805061
21572 local 1 1.69769297602
21572 local 1 3.9910951267
21572 local 1 0.50218083725
21572 local 2 18.2599691883
21572 local 1 0.0
21572 local 1 1.43171949465
21572 local 2 0.78354639459
21572 local 2 0.10024394776
21572 local 1 0.306761974689
21572 local 1 25.9849827663
21572 local 2 0.800029573365
21572 local 1 8.28718957181
21572 local 2 0.474490729601
21572 local 1 0.00766180621148
21572 local 1 0.0516446239248
21572 local 2 0.558962915275
21572 local 2 1.32970615501
21572 local 1 2.67028897643
21572 local 1 0.0
21572 local 1 26.0340713086
21572 local 2 0.0
21572 local 1 0.598085244348
21572 local 2 0.399765607699
21572 local 1 8.1917444455
21572 local 1 1.50889913333
21572 local 1 6.94893452658
21572 local 1 0.530013886837
21572 local 1 0.961264576083
21553 highway 1 2.11979883039
21553 highway 3 2.10935238464
21553 highway 1 8.24794761441
21553 highway 1 9.86088149099
21553 highway 1 0.174266876609
21553 highway 1 3.00606081741
21553 highway 1 8.13804404823
21553 highway 2 4.97968049986
21553 highway 1 10.8883472148
21553 highway 1 1.05251388748
21553 highway 1 0.588257253856
21553 highway 1 2.95503395419
21553 highway 1 3.45740685083
21553 highway 1 1.37207278062
21553 highway 1 11.9307106361
20911 highway 1 5.08619844171
20911 highway 1 1.70544280095
20911 highway 1 2.37372017071
20911 highway 1 7.45638631256
20911 highway 2 5.47793238131
20911 highway 1 9.46753277423
20911 highway 1 0.463957056369
20911 highway 1 17.6275251643
20911 highway 1 1.42988228637
20911 highway 1 3.22854692612
20911 highway 1 2.52433163748
20911 highway 2 0.227272226148
20911 highway 3 53.5703945687
20911 highway 1 3.62670259471
20911 highway 1 13.0610393242
20911 highway 1 0.163893802525
20911 highway 1 0.904723852456
20911 highway 1 5.12688139041
20911 highway 1 1.62427008253
20911 highway 1 331.99593895
20911 highway 1 9.60560358028
20652 highway 3 6.93709867333
20652 highway 1 0.152270343683
20652 highway 1 0.0543623163513
20652 highway 1 17.2420995893
21082 highway 1 2.15595054078
21082 highway 2 59.9703719143
21082 highway 1 0.389775973732
21082 highway 1 2.05017067847
21082 highway 1 1.44350813264
21082 highway 1 1.26682276334
21082 highway 1 1.13549235749
21082 highway 1 1.07360870915
21082 highway 2 0.325921814079
21082 highway 3 4.49526169926
21082 highway 3 1.26282012031
21082 highway 1 0.345827049754
21082 highway 1 0.167651057144
21082 highway 1 5.94074512707
21082 highway 1 4.90969199219
21082 highway 2 4.08955899669
21082 highway 2 0.931997361437
21082 highway 2 0.677742367387
21082 highway 1 0.0
21082 highway 1 0.34008352893
21082 highway 1 6.06865619499
21082 highway 1 1.28158651763
21082 highway 1 0.465184880433
21082 highway 1 6.87818420144
21082 highway 1 0.0
21082 highway 1 0.601785487627
21082 highway 1 2.01506894144
21082 highway 7 0.795527640825
21082 highway 1 4.3254819679
21082 highway 1 0.353720072674
21082 highway 1 3.26144163865
20648 highway 2 2.06148978169
20648 highway 1 0.309031043931
20648 highway 1 1.19477822626
20648 highway 2 6.94903199573
20648 highway 1 1.57977432638
20648 highway 1 0.490613842967
20648 highway 1 7.19132463658
20648 highway 2 5.76028192508
20648 highway 2 2.10872396068
20648 highway 1 2.66399959644
20648 highway 1 0.0
20648 highway 1 5.58314029859
20648 highway 1 3.27214634671
20648 highway 2 44.7580162467
20648 highway 1 2.47209041808
20648 highway 1 5.13368959271
20648 highway 1 4.49435001517
20648 highway 1 1.86452872937
20648 highway 7 0.0
20648 highway 1 1.50613091993
20648 highway 8 16.3602382677
20648 highway 1 3.93736301323
20648 highway 1 22.0491783133
20648 highway 1 6.1754188618
20648 highway 1 2.51469569534
20648 highway 7 2.36300195989
20648 highway 1 0.260798702515
20648 highway 1 37.731377345
20648 highway 1 2.97149821672
20648 highway 1 0.0
20648 highway 2 0.322073387882
20648 highway 1 0.255858601073
20648 highway 1 1.10404698864
20648 highway 1 1.30842105376
20648 highway 1 19.7063623405
20648 highway 2 0.535505658253
22059 local 1 1.06985762474
22059 local 1 1.23108194533
22059 local 1 3.2097891321
22059 local 1 5.88641233804
22059 local 1 0.31028676741
22059 local 1 7.69759667042
22059 local 2 0.0
22059 local 1 72.4030198003
21919 local 1 0.072052113552
23969 highway 1 2.87854354076
23969 highway 2 13.4184156473
23969 highway 1 13.1617541099
23969 highway 1 12.5842154937
23969 highway 7 16.7693869607
23969 highway 1 1.31267646971
23969 highway 1 33.7974628362
23875 highway 1 1.04824616485
24090 highway 1 0.965842454908
24090 highway 1 3.27113019042
24090 highway 1 0.142709959659
24090 highway 1 0.348409010807
24090 highway 2 0.874561961347
24090 highway 3 3.72128877402
24090 highway 1 0.581917013242
24090 highway 1 3.51716187713
24090 highway 1 0.0
24090 highway 1 0.0972266296432
24090 highway 1 229.666628049
24090 highway 2 0.466308067578
24352 local 2 0.0910609299886
24352 local 1 19.244417939
24327 local 1 1.5130819914
24327 local 1 1.22835735335
24327 local 1 0.109309238802
24327 local 1 0.131428574187
24327 local 1 0.448490595048
24327 local 1 1.99539626555
24327 local 2 0.184165304263
24327 local 1 33.4689421429
24327 local 1 2.19639890597
24327 local 1 3.93646101666
22957 local 1 0.0
22957 local 1 8.33339373276
22957 local 1 3.35452818272
22957 local 1 58.1828163115
22957 local 1 1.74770857895
22957 local 1 25.0696226143
22957 local 1 3.66050761912
22957 local 1 9.16064214609
22957 local 2 6.95315236144
22957 local 2 13.1306527797
22957 local 1 0.796270541269
22957 local 2 9.10929681094
22957 local 1 0.988181324039
22957 local 2 4.66073932002
23944 highway 1 3.45732943074
23944 highway 1 5.61767126619
23944 highway 1 1.80411872507
23944 highway 1 23.5982330468
23944 highway 7 7.49547474443
23944 highway 1 10.7975318482
23944 highway 1 0.407771223968
23944 highway 2 0.0987679026469
23944 highway 2 2.57581313838
23455 highway 1 4.52722533293
23455 highway 2 0.0
23729 highway 1 6.56983108255
23729 highway 1 0.666333628689
23729 highway 1 3.30865946352
23974 highway 1 0.0
23974 highway 1 0.0
23974 highway 1 4.03327775064
23974 highway 2 1.45955789043
23974 highway 2 4.57876752703
23974 highway 1 2.41286100955
23974 highway 1 1.817653017
23974 highway 3 1.93694853788
23974 highway 1 0.553456279421
23974 highway 2 6.59922135375
23974 highway 3 0.973682107995
23974 highway 1 13.57383584
23974 highway 1 1.77330932565
23974 highway 1 0.806997246944
23974 highway 2 1.63221809241
23974 highway 1 0.148019894473
23974 highway 3 2.89504007558
24181 local 2 1.6610166379
24181 local 1 1.30083376174
24181 local 1 3.38486802906
24181 local 1 0.0
24181 local 2 3.36638393875
24181 local 1 2.15964323834
24181 local 1 4.47808793317
24181 local 1 2.548956669
24181 local 3 2.5525101219
22763 highway 1 6.79536801182
22763 highway 1 10.126050498
22529 local 2 8.64094534936
22529 local 2 0.0400722894812
22529 local 2 2.02132361663
22529 local 1 1.17440983005
22529 local 2 14.3576251457
22529 local 1 75.8320823579
22529 local 1 1.88421519079
22529 local 1 0.729321810189
22529 local 1 5.53168493171
22529 local 1 2.54315444495
22529 local 1 301.106668507
22529 local 1 0.786852162699
23316 local 1 4.32070665758
23316 local 1 8.30104439434
22455 highway 2 10.6386434838
22455 highway 1 0.0
22455 highway 1 4.13346460118
22455 highway 2 0.424209506071
22455 highway 1 10.1511747147
22455 highway 2 0.0
22455 highway 1 3.02263746081
22455 highway 2 16.697894683
22455 highway 2 22.3020982185
22455 highway 1 5.25136175618
22455 highway 1 10.7026641886
22455 highway 1 11.5489382147
22455 highway 1 0.0
22455 highway 1 4.96864341727
22455 highway 1 0.402663053666
22455 highway 1 9.02073834657
22455 highway 2 2.23402486771
22455 highway 1 7.81519055355
22455 highway 1 23.5826345848
22455 highway 1 5.77784365787
22455 highway 5 0.0349894594354
22455 highway 1 1.11560555198
24004 highway 1 0.0
24004 highway 2 0.462217605841
24004 highway 1 1.82629465243
24004 highway 1 4.76567847007
24004 highway 1 2.2956569873
24004 highway 1 5.85661405282
24004 highway 1 5.88390915286
24004 highway 1 1.62246693322
24004 highway 1 2.20078117275
24004 highway 1 0.209223326374
24004 highway 2 2.58491957329
24004 highway 1 15.719685836
24004 highway 1 4.46780228576
24004 highway 1 1.77352848894
24004 highway 1 5.21090114392
24004 highway 2 0.0815617237193
24004 highway 5 2.61715334312
24344 local 1 1.04776525721
24344 local 1 8.23105312846
24344 local 1 6.91279069447
24344 local 1 0.406265358297
24344 local 1 1.3359497385
24344 local 2 1.36128734339
24344 local 1 13.2890419621
24344 local 1 0.0
22135 highway 2 7.22670448684
22135 highway 1 19.2369316428
22135 highway 2 11.1566378981
22152 highway 1 0.860419451334
22152 highway 1 4.14447150443
22152 highway 1 3.13184242536
22152 highway 1 1.55495512574
22152 highway 1 11.1957665917
22152 highway 1 9.36519467765
22152 highway 1 3.80677740879
22152 highway 1 0.0
22152 highway 1 6.36883343626
23922 highway 7 20.6359443595
23922 highway 1 27.6453149716
23922 highway 1 3.45013666361
23778 highway 3 6.61883462889
23778 highway 1 7.75149677383
23778 highway 1 9.85279412503
23778 highway 1 163.711709639
23778 highway 1 6.90287650131
23778 highway 1 7.57526236428
23778 highway 1 10.3716339018
22382 highway 2 0.573895452232
22382 highway 1 5.91975711791
22382 highway 1 1.18889856263
22382 highway 4 4.84973801431
22382 highway 1 0.425882239257
22382 highway 1 9.71735736774
22382 highway 1 0.246874931267
22382 highway 1 4.35392881374
22343 highway 2 9.84670150267
22343 highway 7 9.26119374663
22343 highway 1 11.844285995
22343 highway 1 11.0474370742
22343 highway 2 6.27762620985
23967 highway 1 5.01248571249
23967 highway 1 0.522926546239
23967 highway 2 31.7896307492
23967 highway 1 6.06300293572
23967 highway 2 2.61778020689
23967 highway 1 1.58806301879
23967 highway 2 4.37850774092
23967 highway 1 3.28566589128
23967 highway 1 3.43535791839
23967 highway 3 3.94398730922
23967 highway 1 10.0502485474
23967 highway 1 3.33214530848
23967 highway 1 14.8505775986
23967 highway 1 5.54402067463
23967 highway 1 1.5941149611
23967 highway 2 17.8100084414
23967 highway 2 5.93207146251
23967 highway 1 11.3452887423
23967 highway 1 3.33389717443
23967 highway 5 0.290334544782
23967 highway 1 65.3851129876
24011 highway 3 2.70105486711
24011 highway 3 18.9016853249
24011 highway 1 3.61185366867
24011 highway 1 0.0
24011 highway 1 46.3426683327
24011 highway 1 0.434626841522
24011 highway 1 2.82174291401
24011 highway 1 4.18842188219
24372 highway 1 0.941393797897
24372 highway 2 2.01205647299
24372 highway 1 1.07730969229
24372 highway 1 5.23298673542
24372 highway 1 1.41993543685
24372 highway 1 0.340216478332
24372 highway 7 7.41270419092
24372 highway 1 0.882308896952
24372 highway 1 2.52966161131
24372 highway 1 3.50106774944
24372 highway 2 3.01259953967
24372 highway 1 2.49379906697
24372 highway 3 2.6266579151
24372 highway 1 1.11112794371
24372 highway 1 1.49316772723
24372 highway 2 2.4111073106
24372 highway 2 0.0
24313 local 1 0.0878671741232
24313 local 1 5.09377832426
24313 local 1 0.161281085122
24313 local 2 1.11478500139
24313 local 1 0.0
24313 local 1 1.43706629084
24313 local 1 0.531163143559
24313 local 1 0.392272068904
23982 highway 1 3.16514835857
23982 highway 1 0.372093962683
23982 highway 1 5.83774898162
23982 highway 1 1.80089678733
23982 highway 1 6.44626125239
23982 highway 5 0.372093962683
23982 highway 1 0.269253411743
24328 highway 1 7.94174699418
24328 highway 1 13.4029616878
24328 highway 1 26.9197009081
22851 local 2 0.341395072332
22851 local 1 0.230081778739
22851 local 1 2.7188189559
22851 local 2 2.82851991172
22851 local 1 2.58349631484
22851 local 2 0.0412788954602
22851 local 1 0.591842992803
22851 local 1 6.76456044824
22851 local 1 1.54740373428
22851 local 1 3.19864005814
22851 local 1 1.65652650496
22851 local 1 0.453923082161
22851 local 1 2.40122130289
22851 local 1 3.52866997722
22851 local 2 1.18036218202
22851 local 3 0.183550278419
22851 local 1 0.0
23945 highway 1 3.65548538078
23945 highway 1 0.577172117953
23945 highway 3 3.66767033205
23945 highway 1 3.51848621467
23945 highway 2 0.0
23945 highway 2 1.78770185339
23945 highway 2 2.90447584468
24028 highway 1 4.20360916548
24028 highway 1 33.507705173
24028 highway 1 11.6501911503
24028 highway 2 6.55857236845
24028 highway 1 2.37637960925
24028 highway 2 20.2331350566
24028 highway 1 3.48998006616
24028 highway 1 11.1299622873
24028 highway 1 15.8723575283
24028 highway 1 8.14811827183
24028 highway 2 8.58957138251
23071 highway 7 30.97066657
23071 highway 7 8.91198315623
23071 highway 7 7.79912096181
24306 local 1 3.9187879273
24306 local 1 0.641166109794
24306 local 2 6.97022855455
24306 local 1 3.30977430359
24306 local 2 0.141888296682
24306 local 1 0.698635326861
24306 local 2 1.14013415839
24306 local 1 3.47966037583
24306 local 1 2.36815131458
24306 local 1 3.56877142643
24306 local 1 1.84603409511
24306 local 1 3.71585786526
24306 local 1 8.38163428255
24306 local 1 2.66176370213
24306 local 3 0.242432873603
24306 local 2 0.0937352192177
24306 local 1 0.0
24306 local 1 1.966216588
24306 local 2 0.0668643002579
24306 local 2 0.202716841192
24306 local 1 6.02280963041
24306 local 1 0.0
24306 local 1 2.3884971757
24306 local 2 0.0
23751 local 2 4.13609897411
23751 local 1 4.07524088736
24195 local 2 1.25732575773
24195 local 2 3.24680650764
24195 local 1 6.70132749082
24195 local 1 7.6787223131
24195 local 1 0.0
24195 local 1 0.0
23991 highway 1 6.20624940181
23991 highway 1 4.23559928467
23991 highway 1 1.42598028805
23991 highway 1 5.53918694934
23991 highway 1 4.25630332454
23991 highway 1 4.64390660966
23991 highway 1 1.92093717448
23991 highway 1 2.74014174108
23991 highway 1 0.274176236162
23991 highway 1 3.56372113367
23991 highway 1 3.32198425066
23991 highway 1 3.47702061081
23991 highway 1 1.14699591752
23991 highway 1 7.10160352155
23991 highway 3 0.496689593507
23991 highway 3 5.08825851157
23991 highway 2 14.5012415432
23991 highway 1 2.69692216717
23991 highway 2 5.27449066218
23991 highway 1 5.35205496869
23991 highway 3 3.25650165383
23991 highway 4 0.327895768955
23991 highway 2 1.84664915231
23991 highway 1 2.26071378855
23991 highway 1 5.23157539575
23991 highway 1 34.5974107322
24229 highway 2 1.22389941779
24229 highway 7 35.1021275626
24229 highway 1 7.74675351106
24229 highway 1 2.1843066107
24229 highway 1 1.39907455298
24229 highway 7 1.95025301872
24229 highway 1 6.54196976976
24229 highway 1 0.428335144481
24229 highway 1 2.85651308131
24229 highway 4 0.856670288961
24229 highway 3 2.10101122534
22953 local 7 0.220901257733
22953 local 2 4.13099169109
22953 local 1 0.196926734189
22953 local 2 1.36072736427
22111 highway 3 1.1477966762
22111 highway 1 1.21534453496
22111 highway 2 2.5023929454
22111 highway 1 4.43383740462
22111 highway 2 11.1390584364
22111 highway 2 12.5538298509
24349 highway 1 3.85280536495
24349 highway 2 10.7395616813
24349 highway 1 2.73962325247
24349 highway 1 15.4803464291
24349 highway 1 2.29569759307
23097 highway 1 15.4409888039
23735 local 1 3.36700696889
23735 local 2 1.79673928744
23735 local 1 2.31398020047
23735 local 1 2.67310509937
22850 local 1 4.09615231909
22850 local 1 1.43147345849
22850 local 1 7.87089817472
22850 local 1 0.0
22850 local 2 3.97045267683
22850 local 2 59.410604212
22189 local 1 0.556728051431
22189 local 1 14.5172665696
23892 local 2 8.78915249735
23892 local 1 3.55734427027
23892 local 1 11.1688917509
23892 local 1 31.1875308037
23892 local 1 6.40327426622
23892 local 1 4.51270251798
23892 local 1 2.0453121911
23892 local 1 2.26946120877
23892 local 1 1.8231125038
23892 local 1 1.57819966238
23892 local 1 0.873589084545
23892 local 1 14.0399642371
23892 local 1 8.83450357253
23892 local 1 1.55680992845
23892 local 2 5.02084056688
23892 local 1 1.20971024787
23892 local 1 1.50275730855
23892 local 2 3.86571935237
23892 local 1 3.11006409953
23892 local 1 4.57817327878
23892 local 2 0.65593732442
23892 local 2 3.51964844657
23892 local 1 3.48955648674
23892 local 1 1.11069573979
23892 local 2 1.81482378763
23892 local 1 3.22889918556
23892 local 1 0.810159788592
23892 local 1 5.91834251855
23892 local 3 0.95814887986
23892 local 1 40.6588497204
23892 local 1 1.06268878754
23892 local 3 0.40643016061
23723 highway 4 3.24265737725
23723 highway 1 9.5988775601
23723 highway 1 10.8383877619
23723 highway 1 1.24792228697
23723 highway 1 0.590346204045
23723 highway 1 18.0244861003
23723 highway 1 10.7747443308
23723 highway 1 10.5528858063
23749 highway 7 2.76970888503
23749 highway 1 0.912685175716
23749 highway 1 0.696692835971
23749 highway 1 2.9238780185
23749 highway 1 0.215205195904
23749 highway 1 0.503119807338
23749 highway 1 0.187510327222
23749 highway 1 2.70494246352
23749 highway 2 0.598820134871
23749 highway 1 0.535574913471
23749 highway 1 0.220489250597
23749 highway 2 0.210019890706
23749 highway 1 0.91128904653
23329 highway 1 6.69249532096
23987 highway 1 15.9414775929
23656 highway 1 1.85164412082
23656 highway 1 12.0340397214
23656 highway 1 6.3748195417
23656 highway 1 0.0783606433275
23656 highway 2 3.32145010328
23656 highway 1 2.41324723189
22191 local 1 3.00908249149
22191 local 2 2.45772702083
22191 local 1 3.38606915568
23543 local 1 2.49434289946
23543 local 1 5.03680101199
23543 local 1 2.48547697142
23543 local 1 1.01805310113
23543 local 1 0.98146264112
23543 local 1 1.90866328042
23543 local 2 0.211195373771
23543 local 2 3.08919289503
23543 local 1 2.43283173842
23968 local 1 3.74125303482
23968 local 1 0.453845021767
23968 local 1 0.0638054682861
23968 local 2 1.22702859947
23968 local 1 2.41522837758
23968 local 2 3.43407321885
22185 local 2 4.48265261566
22185 local 1 2.21392382914
22185 local 2 7.56709563458
22185 local 1 5.66711293398
22185 local 2 0.0
22520 highway 1 5.50014533597
22520 highway 3 7.47570917533
22520 highway 1 7.80493324878
22520 highway 2 29.6994358521
22520 highway 1 9.43265858084
22520 highway 3 3.15134879092
22520 highway 2 8.3337057772
22520 highway 1 9.60476456882
22520 highway 2 8.48222652617
22520 highway 1 14.455285208
22520 highway 1 15.5387115653
22520 highway 1 10.7448655444
22520 highway 1 8.68912695
22520 highway 2 16.8328964818
22520 highway 1 0.0542864683197
22520 highway 1 0.0217276937087
22520 highway 2 5.8811295355
22520 highway 2 9.85617788797
22520 highway 1 10.2606249576
22520 highway 2 5.00449078816
22520 highway 1 12.6154474515
22520 highway 3 6.45520220931
22520 highway 1 28.885043323
22520 highway 1 7.10819634463
22520 highway 1 43.6262888954
22520 highway 1 10.0841407389
22520 highway 1 11.8949914477
22520 highway 2 7.03498403598
22520 highway 2 21.8839306082
22520 highway 3 10.5525891249
22531 local 1 1.68685581136
22531 local 1 0.0
22531 local 1 0.264140731764
22531 local 2 1.82477062322
22531 local 1 907.03031361
22531 local 1 18.802083362
22531 local 1 0.573564989652
22531 local 1 7.2751403153
22531 local 1 10.0498409179
22531 local 2 3.15835434489
22531 local 1 0.204071741508
22531 local 1 0.153361257218
22531 local 1 9.40115204618
22531 local 3 0.42826185894
 local 2 3.46517908271
1809 local 1 4.89348119422
1809 local 1 2.98719957516
1809 local 2 1.14036091647
1809 local 2 1.40256195685
1809 local 1 3.63146551466
1809 local 1 0.0
1809 local 1 2.74909994834
1809 local 2 0.610722037203
1809 local 1 4.26598486081
1809 local 1 4.05017473401
1809 local 1 5.2050246177
1809 local 2 22.0823207314
1809 local 1 2.64372650923
1809 local 2 5.48145044618
1809 local 1 1.2993617245
1809 local 1 0.0
1809 local 1 3.19909194362
1809 local 2 10.9852251668
2037 local 1 7.2989798487
2037 local 1 5.41611381161
2037 local 1 24.9063975738
2037 local 1 6.71995400873
2037 local 1 1.75473371023
65116 local 1 2.15131003944
65116 local 1 3.65545166133
65116 local 1 5.16570805902
65116 local 2 4.38229618957
65116 local 1 0.384073856165
65116 local 1 0.377565352142
65116 local 1 1.29832614256
65116 local 2 3.36378535783
65116 local 1 0.220804794925
65116 local 2 3.13832985223
65116 local 1 3.53894246688
65116 local 1 1.32363374951
65116 local 2 4.79861536495
65116 local 1 5.55231126262
65116 local 2 0.496674546159
65116 local 1 10.5049502387
65116 local 1 2.89257788366
65116 local 1 3.49144025274
65116 local 2 5.27024239204
65116 local 2 1.06605022476
65116 local 1 197.991743302
65116 local 1 0.152911924239
65116 local 6 3.28030533124
65116 local 1 1.98356758282
65116 local 5 0.752854102498
65116 local 2 0.0
65116 local 2 0.171889270812
65116 local 2 0.027427419784
65116 local 2 0.142944218829
65116 local 2 0.0794844139719
65116 local 2 0.0366398798553
65116 local 2 0.119548587817
65116 local 5 4.71339304927
64343 highway 1 1.28923179726
65306 highway 1 0.0
65306 highway 1 318.790922731
65306 highway 3 3.79837778069
64716 highway 1 0.916921437016
64516 highway 1 2.48334146047
64516 highway 1 3.20799954826
64516 highway 1 0.981494145114
64516 highway 1 3.98525276959
64516 highway 2 5.89293510308
64343 highway 1 2.05885172073
64343 highway 1 2.6878494359
64343 highway 1 1.87824314037
64343 highway 3 1.89474587999
64343 highway 2 30.0551961676
64343 highway 1 1.64627951108
64343 highway 1 1.27801189441
64343 highway 2 4.23489983308
64343 highway 1 2.18925848941
64343 highway 3 5.15912922271
64491 local 2 7.79195904003
64981 local 1 9.10166695924
65007 local 1 1.07378316534
65007 local 1 1.00713179842
65007 local 1 44.3383226516
65007 local 2 4.92840785564
65007 local 2 0.411073935958
65007 local 1 0.722902691518
65007 local 1 0.0
65007 local 1 0.408788568453
65007 local 2 0.425655992867
64211 highway 3 5.40934391004
64211 highway 1 2.13295513995
64211 highway 1 0.114704685605
64211 highway 1 1.63243010424
64211 highway 1 4.02054064265
64211 highway 1 0.98962220911
64211 highway 1 0.0
64211 highway 1 0.752923983562
64211 highway 1 1.61294645749
64211 highway 1 0.0
64211 highway 1 6.9325357991
64211 highway 1 1.6222590787
64211 highway 2 10.8538749167
64211 highway 1 1.13711160818
64211 highway 1 0.440027063743
64211 highway 3 1.30838361507
64211 highway 1 2.41798600578
64211 highway 3 2.19963688502
64211 highway 1 0.2237350815
64211 highway 1 0.0
64211 highway 1 1.28504547149
64211 highway 3 1.88783548675
64211 highway 2 2.47399641365
64211 highway 3 8.39464139615
37423 highway 8 0.750322810771
37423 highway 1 0.684236925273
37423 highway 1 5.15891346843
37423 highway 1 6.29764503274
37423 highway 1 6.2681799341
37423 highway 1 0.263035659516
37423 highway 1 0.0
37423 highway 1 0.76947108603
37423 highway 1 3.44122808049
37423 highway 1 1.56311399449
37423 highway 1 0.20070508068
37423 highway 1 0.696761682042
37423 highway 1 3.17979178622
37423 highway 2 4.57021876729
37423 highway 1 2.22586492205
37423 highway 1 3.23230408999
37423 highway 1 4.24445192889
37423 highway 1 30.821489569
37423 highway 1 2.00867502357
37423 highway 1 0.66206562212
37423 highway 1 3.82012265884
37423 highway 1 12.4460244467
37423 highway 3 22.7179610611
37423 highway 1 6.80662701923
37423 highway 1 9.2319763085
37423 highway 1 2.05548938693
37303 highway 1 4.32796242799
37303 highway 4 11.2729473679
37303 highway 1 0.974562628799
37303 highway 1 10.3105052118
37303 highway 1 0.062066218929
37303 highway 1 10.6988374488
37303 highway 1 4.17742885325
37303 highway 2 5.99982602241
37303 highway 2 1.93713754115
37944 local 1 18.5855014299
37944 local 1 2.4759666894
37944 local 1 3.71840539101
37944 local 2 3.696377761
37944 local 1 4.98211563946
37944 local 1 0.0818882357174
37944 local 1 72.6049937399
38337 local 1 9.65452090072
37734 local 1 5.29719233623
37734 local 1 3.22346598004
37734 local 1 4.33054864053
37734 local 1 0.0
37734 local 2 0.0409788572051
37734 local 2 0.523601904479
37734 local 1 7.46237974806
37411 local 1 2.28623891789
37411 local 1 0.983139874866
37411 local 1 0.671318834959
